0:[39, 40, 41, 34, 27]
1:[6, 5, 12]
2:[4, 3, 2, 1, 8, 15, 22, 29]
3:[25, 26, 27, 20, 13, 6]
4:[34, 33, 32, 31, 38, 45]
5:[3, 10, 17, 24, 25, 26, 27]
6:[41, 40, 39, 38, 37, 30, 23]
7:[23, 22, 21, 28, 35]
8:[16, 17, 18, 19, 20]
9:[6, 5, 4, 3, 2, 1, 8, 15, 22, 29]
10:[42, 43, 44, 45, 46, 39, 32, 25]
11:[24, 31, 38, 39, 40]
12:[34, 41, 48]
13:[31, 30, 29, 28, 21, 14]
14:[9, 8, 15, 22, 29, 36, 43]
15:[24, 25, 18]
16:[15, 16]
17:[16, 17, 18, 11]
18:[46, 39, 32, 25, 18, 11, 4]
19:[11, 10, 9, 8]
20:[29, 36, 43]
21:[12, 11, 10, 9, 8, 7, 0]
22:[20, 19, 18, 17, 16, 15, 8, 1]
23:[25, 24, 23, 22, 15, 8, 1]
24:[25, 32, 39, 46, 47, 48]
25:[38, 31, 24, 17, 10]
26:[43, 44, 45, 46, 47, 48, 41, 34, 27, 20, 13]
27:[9, 16, 17, 18, 19]
28:[30, 23]
29:[2, 9, 10, 11, 12]
30:[43, 44, 45, 46, 47, 48, 41, 34, 27, 20, 13]
31:[43, 42, 35, 28, 21]
32:[27, 26, 25, 24, 31]
33:[1, 0]
34:[21, 28, 35, 42, 43, 44, 45, 46, 47]
35:[13, 12]
36:[13, 12, 11, 18]
37:[18, 17, 24, 31, 38, 45]
38:[20, 19, 18, 17, 16, 23, 30]
39:[40, 39, 38, 37, 36, 35, 28, 21]
40:[8, 15, 16, 17, 18, 19]
41:[38, 31, 24, 17, 10, 3]
42:[33, 34, 27, 20, 13, 6]
43:[26, 25, 24, 23, 22, 21, 14, 7, 0]
44:[23, 24, 17, 10, 3]
45:[42, 43, 44, 45, 38, 31]
46:[12, 11, 10, 17, 24, 31, 38, 45]
47:[41, 40, 39, 38, 37, 36, 35, 28, 21, 14, 7]
48:[47, 48, 41, 34, 27, 20, 13, 6]
49:[46, 45, 44, 43, 36, 29]
