0:[10, 3, 13]
1:[2, 3]
2:[5, 3]
3:[12, 6, 8, 14]
4:[4, 14, 8]
5:[13, 3, 5]
6:[6, 3, 4]
7:[14, 4]
8:[3, 5]
9:[1, 8, 13]
10:[11, 6]
11:[10, 2, 1, 8]
12:[3, 4, 14]
13:[12, 0, 3, 13]
14:[6, 8, 14]
15:[7, 3, 4]
16:[14, 8, 6, 12]
17:[2, 3, 7]
18:[8, 6, 5]
19:[2, 1, 8, 9]
20:[4, 3, 6]
21:[9, 8, 6]
22:[4, 2, 10]
23:[8, 6, 12]
24:[12, 0, 2, 1]
25:[5, 3, 13]
26:[9, 7, 3, 10]
27:[11, 6, 8, 14]
28:[15, 2, 10]
29:[13, 3, 0, 15]
30:[15, 2, 10]
31:[2, 3, 6]
32:[9, 8]
33:[15, 0, 12]
34:[8, 14, 4]
35:[1, 2, 3]
36:[13, 3, 0]
37:[11, 6, 8, 1]
38:[15, 0, 3, 7]
39:[15, 0]
40:[3, 0, 12]
41:[0, 2, 4, 14]
42:[6, 5]
43:[13, 8, 1]
44:[12, 0, 3, 7]
45:[4, 14, 8]
46:[6, 8, 9]
47:[7, 3, 13]
48:[5, 6, 8]
49:[9, 8, 14]
50:[13, 3, 0, 15]
51:[3, 0]
52:[2, 4, 14]
53:[11, 6, 8, 14]
54:[11, 6, 8, 1]
55:[6, 8, 14]
56:[4, 3, 7, 9]
57:[11, 7, 9]
58:[9, 8, 1]
59:[9, 7, 3]
60:[6, 11]
61:[10, 3, 7, 9]
62:[1, 8, 6]
63:[13, 3, 4]
64:[15, 0, 3, 7, 9]
65:[12, 0]
66:[3, 2]
67:[12, 0]
68:[5, 3, 4, 14]
69:[8, 9, 7]
70:[7, 3, 2]
71:[13, 3, 2]
72:[12, 0, 5]
73:[15, 0, 3, 13]
74:[5, 3, 4, 14]
75:[6, 8, 1]
76:[11, 6, 3, 0, 15]
77:[10, 3, 7]
78:[14, 8, 6, 12]
79:[3, 5]
80:[1, 2, 0, 5]
81:[4, 2]
82:[9, 8, 1, 2]
83:[3, 4]
84:[10, 2, 0, 12]
85:[14, 8]
86:[11, 6, 3, 13]
87:[11, 6, 3, 4]
88:[12, 0, 2, 4]
89:[10, 3, 5]
90:[6, 3]
91:[12, 0]
92:[12, 0, 3]
93:[15, 0, 3]
94:[4, 3, 13]
95:[1, 2]
96:[15, 0, 12]
97:[12, 0]
98:[7, 3, 2, 1]
99:[11, 6, 3, 13]
100:[10, 2]
101:[10, 2, 0, 12]
102:[9, 7, 3]
103:[1, 2, 3]
104:[9, 7, 3]
105:[9, 8, 13]
106:[12, 0, 2, 10]
107:[4, 2]
108:[15, 0]
109:[11, 6, 8, 14]
110:[4, 2, 15]
111:[12, 0, 5]
112:[10, 3, 13]
113:[9, 7, 5]
114:[10, 2, 0, 12]
115:[9, 7, 5]
116:[6, 8, 14]
117:[8, 1, 2, 15]
118:[2, 0]
119:[1, 8, 14]
120:[8, 6]
121:[8, 6, 3]
122:[8, 14, 4]
123:[1, 8, 9]
124:[3, 6, 8]
125:[3, 6, 8]
126:[14, 8, 13]
127:[2, 0]
