0:[10, 3, 13]
1:[2, 3]
2:[5, 3]
3:[12, 6, 8, 14]
4:[4, 14, 8]
5:[13, 3, 5]
6:[6, 3, 4]
7:[14, 4]
8:[3, 5]
9:[1, 8, 13]
10:[11, 6]
11:[10, 2, 1, 8]
12:[3, 4, 14]
13:[12, 0, 3, 13]
14:[6, 8, 14]
15:[7, 3, 4]
16:[14, 8, 6, 12]
17:[2, 3, 7]
18:[8, 6, 5]
19:[2, 1, 8, 9]
20:[4, 3, 6]
21:[9, 8, 6]
22:[4, 2, 10]
23:[8, 6, 12]
24:[12, 0, 2, 1]
25:[5, 3, 13]
26:[9, 7, 3, 10]
27:[11, 6, 8, 14]
28:[15, 2, 10]
29:[13, 3, 0, 15]
30:[15, 2, 10]
31:[2, 3, 6]
32:[9, 8]
33:[15, 0, 12]
34:[8, 14, 4]
35:[1, 2, 3]
36:[13, 3, 0]
37:[11, 6, 8, 1]
38:[15, 0, 3, 7]
39:[15, 0]
40:[3, 0, 12]
41:[0, 2, 4, 14]
42:[6, 5]
43:[13, 8, 1]
44:[12, 0, 3, 7]
45:[4, 14, 8]
46:[6, 8, 9]
47:[7, 3, 13]
48:[5, 6, 8]
49:[9, 8, 14]
50:[13, 3, 0, 15]
51:[3, 0]
52:[2, 4, 14]
53:[11, 6, 8, 14]
54:[11, 6, 8, 1]
55:[6, 8, 14]
56:[4, 3, 7, 9]
57:[11, 7, 9]
58:[9, 8, 1]
59:[9, 7, 3]
60:[6, 11]
61:[10, 3, 7, 9]
62:[1, 8, 6]
63:[13, 3, 4]
