0 2 8
0 3 8
0 5 10
0 12 8
0 15 8
0 21 8
0 23 10
0 37 6
0 46 9
0 47 8
1 2 8
1 8 6
2 3 10
2 4 6
2 10 6
2 15 10
2 18 10
2 23 8
2 25 8
2 26 7
2 27 5
2 36 6
2 40 7
2 45 10
3 4 10
3 5 9
3 6 7
3 7 6
3 10 7
3 13 10
3 19 5
3 21 7
3 32 6
3 33 6
3 39 6
3 44 8
4 14 10
4 19 7
4 29 6
4 31 5
4 36 6
4 38 7
5 6 5
5 7 10
5 16 10
5 18 10
5 20 7
5 24 8
5 32 5
5 43 10
6 8 10
6 11 10
6 12 9
6 22 8
6 29 5
6 30 9
6 34 6
6 39 8
6 41 10
6 48 6
7 9 6
7 11 6
7 33 7
8 9 7
8 13 8
8 14 7
8 17 8
8 38 5
9 17 6
10 20 10
12 16 9
12 42 10
15 22 6
15 24 8
15 25 10
15 28 7
15 30 6
15 34 8
18 47 8
23 27 5
25 26 5
25 28 5
25 46 8
26 31 7
27 35 10
27 41 9
29 37 6
29 44 6
30 35 5
31 40 6
36 42 7
41 43 9
42 48 7
43 45 10
