0:[17, 8, 6, 5, 20]
1:[45, 2, 15, 24]
2:[44, 3, 5, 16]
3:[19, 4, 36]
4:[3, 33]
5:[6, 3]
6:[0, 3, 6, 48]
7:[23, 0, 3]
8:[42, 36, 4, 31]
9:[12, 0, 2, 45]
10:[41, 6, 3, 7]
11:[47, 0, 3, 6]
12:[46, 0, 37, 29]
13:[42, 12, 0, 3, 13]
14:[16, 12, 0, 47]
15:[3, 5, 16]
16:[14, 4, 2, 0]
17:[17, 8, 1, 2, 18]
18:[18, 2, 0, 21]
19:[27, 2, 3]
20:[16, 5, 3]
21:[29, 6, 34]
22:[42, 36, 2, 26]
23:[39, 6, 48]
24:[1, 2, 36]
25:[29, 4, 2, 23]
26:[42, 12, 6, 39]
27:[35, 30, 6, 22]
28:[21, 3, 13]
29:[48, 42, 12, 0, 46]
30:[9, 7, 3, 19]
31:[23, 0, 3, 19]
32:[18, 2]
33:[19, 3, 5, 43]
34:[34, 6, 3, 13]
35:[45, 2, 1, 8]
36:[20, 5, 43]
37:[12, 6, 30]
38:[8, 14, 4]
39:[31, 4, 36, 42]
40:[39, 6, 34]
41:[46, 0, 3, 32]
42:[24, 15, 2, 1]
43:[6, 3, 33]
44:[40, 2, 4, 38]
45:[27, 2, 36, 42]
46:[42, 36, 2, 25]
47:[13, 3, 32]
48:[29, 4, 2, 27]
49:[14, 4, 29]
