0:[17, 8, 6, 5, 20]
1:[45, 2, 15, 24]
2:[44, 3, 5, 16]
3:[19, 4, 36]
4:[3, 33]
5:[6, 3]
6:[0, 3, 6, 48]
7:[23, 0, 3]
8:[42, 36, 4, 31]
9:[12, 0, 2, 45]
10:[41, 6, 3, 7]
11:[47, 0, 3, 6]
12:[46, 0, 37, 29]
13:[42, 12, 0, 3, 13]
14:[16, 12, 0, 47]
15:[3, 5, 16]
16:[14, 4, 2, 0]
17:[17, 8, 1, 2, 18]
18:[18, 2, 0, 21]
19:[27, 2, 3]
20:[16, 5, 3]
21:[29, 6, 34]
22:[42, 36, 2, 26]
23:[39, 6, 48]
24:[1, 2, 36]
25:[29, 4, 2, 23]
26:[42, 12, 6, 39]
27:[35, 30, 6, 22]
28:[21, 3, 13]
29:[48, 42, 12, 0, 46]
30:[9, 7, 3, 19]
31:[23, 0, 3, 19]
32:[18, 2]
33:[19, 3, 5, 43]
34:[34, 6, 3, 13]
35:[45, 2, 1, 8]
36:[20, 5, 43]
37:[12, 6, 30]
38:[8, 14, 4]
39:[31, 4, 36, 42]
40:[39, 6, 34]
41:[46, 0, 3, 32]
42:[24, 15, 2, 1]
43:[6, 3, 33]
44:[40, 2, 4, 38]
45:[27, 2, 36, 42]
46:[42, 36, 2, 25]
47:[13, 3, 32]
48:[29, 4, 2, 27]
49:[14, 4, 29]
50:[5, 0]
51:[4, 2, 25]
52:[40, 2, 4, 38]
53:[31, 4, 3, 32]
54:[27, 2, 3, 33]
55:[44, 3, 6, 11]
56:[38, 8, 6, 12]
57:[3, 6, 34]
58:[48, 6, 8, 38]
59:[34, 6, 3, 21]
60:[14, 4, 2, 15, 28]
61:[19, 3, 6]
62:[0, 47]
63:[41, 6, 11]
64:[9, 8, 1, 2, 45]
65:[37, 0, 2, 18]
66:[27, 41, 6]
67:[22, 6, 3, 21]
68:[43, 45, 2]
69:[35, 30, 6, 8, 17]
70:[22, 6, 41, 27]
71:[36, 42, 48]
72:[22, 6, 8]
73:[25, 2, 36, 42]
74:[8, 6, 30]
75:[36, 2, 0, 21]
76:[41, 27, 2, 10]
77:[43, 41, 6, 12]
78:[30, 15, 0, 46]
79:[46, 0, 2, 1]
80:[48, 42, 36, 2, 25]
81:[43, 5, 3, 33]
82:[40, 2]
83:[7, 3, 4, 31]
84:[34, 6, 41, 27]
85:[38, 8, 6, 41]
86:[5, 0, 46]
87:[40, 2, 15, 30]
88:[38, 8, 6, 5, 24]
89:[4, 3, 6, 48]
90:[30, 6, 29, 37]
91:[15, 2, 36]
92:[42, 12, 0, 15]
93:[27, 41, 6, 11]
94:[21, 3, 44]
95:[46, 0, 37]
96:[24, 15, 2, 36]
97:[7, 3, 6, 22]
98:[7, 3, 2, 27, 35]
99:[40, 2, 18]
100:[4, 3, 32]
101:[26, 2, 23]
102:[41, 6, 3, 21]
103:[9, 8, 6, 39]
104:[8, 6, 30]
105:[31, 26, 2, 0, 47]
106:[22, 15, 28]
107:[36, 2, 1, 8, 9]
108:[30, 6, 3, 13]
109:[38, 8, 6, 11]
110:[21, 3, 39]
111:[28, 25, 2, 18]
112:[12, 0, 5, 20]
113:[48, 6, 5, 18]
114:[11, 6]
115:[44, 29]
116:[17, 8, 1, 2, 40]
117:[1, 2, 0, 5]
118:[21, 0, 47]
119:[40, 2, 15, 28]
120:[16, 12, 0, 37]
121:[38, 8, 6, 5, 16]
122:[6, 30, 35]
123:[17, 8]
124:[3, 19]
125:[7, 5, 16]
126:[6, 3, 33]
127:[40, 2, 15]
128:[27, 41, 43]
129:[4, 2, 1]
130:[35, 27, 2, 4, 31]
131:[26, 2, 10]
132:[47, 0, 2]
133:[35, 27, 2, 4, 31]
134:[12, 6, 8, 9]
135:[18, 2, 3, 33]
136:[33, 3, 4, 38]
137:[8, 6, 3, 21]
138:[7, 3, 4, 14]
139:[32, 3, 2, 25]
140:[21, 3, 32]
141:[24, 5, 3, 4, 31]
142:[43, 5, 3, 10]
143:[47, 0, 2]
144:[15, 2, 26]
145:[30, 15, 0, 47]
146:[3, 2, 45]
147:[3, 21]
148:[47, 0, 15, 30]
149:[14, 4]
150:[23, 2, 25]
151:[14, 8, 9, 7]
152:[38, 4, 36, 42]
153:[28, 25, 2, 3, 13]
154:[11, 6, 3, 2, 26]
155:[3, 0, 15, 28]
156:[31, 26, 2, 27]
157:[19, 3, 5]
158:[29, 4, 36]
159:[13, 3, 0, 46]
160:[16, 12, 0]
161:[33, 3, 2, 26]
162:[38, 8, 14]
163:[12, 6, 8, 17]
164:[35, 27, 2, 0, 46]
165:[33, 7, 9]
166:[37, 0, 3, 19]
167:[27, 2, 15, 28]
168:[43, 5, 3, 19]
169:[6, 8]
170:[46, 0, 37]
171:[40, 2, 0, 21]
172:[19, 3, 0, 47]
173:[1, 2, 18]
174:[0, 2, 40]
175:[2, 0]
176:[14, 8, 6, 30]
177:[9, 8, 13]
178:[27, 2, 3, 33]
179:[4, 2, 15, 30]
180:[25, 15, 30]
181:[19, 3, 0, 15, 28]
182:[36, 2, 1, 8, 17]
183:[4, 36]
184:[28, 15, 22, 6, 11]
185:[31, 4, 3, 7]
186:[37, 29, 6, 41]
187:[0, 2, 26]
188:[46, 0, 3]
189:[22, 15, 2]
190:[29, 6, 5, 16]
191:[43, 45]
192:[32, 3]
193:[11, 6, 30]
194:[29, 4, 3, 21]
195:[30, 6, 34]
196:[4, 3, 6, 11]
197:[19, 3]
198:[33, 3, 2, 45]
199:[47, 0, 46]
