0:[10, 3, 13]
1:[2, 3]
2:[3, 13]
3:[14, 4]
4:[13, 3, 5]
5:[6, 3, 4]
6:[14, 4]
7:[3, 5]
8:[13, 3, 4]
9:[6, 11]
10:[8, 1, 2, 10]
11:[14, 4, 2, 15]
12:[13, 8, 6, 12]
13:[14, 4, 2, 15]
14:[14, 8, 6, 12]
15:[2, 3, 7]
16:[8, 6, 5]
17:[2, 1, 8, 9]
18:[4, 3, 6]
19:[9, 8, 6]
20:[4, 2, 10]
21:[8, 6, 12]
22:[12, 0, 2, 1]
23:[13, 8, 6]
24:[4, 3, 7, 9]
25:[15, 0, 3, 6, 11]
26:[1, 8, 6]
27:[15, 2, 10]
28:[13, 3, 0, 15]
29:[15, 2, 10]
30:[6, 3, 2]
31:[8, 1, 2, 10]
32:[12, 0, 2, 10]
33:[4, 3, 7, 9]
34:[3, 2, 1]
35:[0, 3, 6, 11]
36:[6, 3, 0, 15]
37:[6, 3, 0, 15]
38:[0, 3]
39:[3, 0]
40:[2, 3, 6]
41:[8, 13]
42:[8, 6, 12]
43:[0, 2, 4]
44:[9, 8, 6]
45:[10, 3, 7]
46:[1, 2, 0, 5]
47:[1, 8, 9]
48:[13, 3, 0, 15]
49:[0, 2]
50:[14, 8, 6, 11]
51:[10, 3, 6]
52:[4, 3, 7, 9]
53:[11, 7, 9]
54:[9, 8, 1]
55:[9, 7, 3]
56:[11, 6, 3, 4]
57:[9, 8, 1]
58:[6, 3, 0, 15]
59:[4, 2]
60:[9, 8, 6, 12]
61:[4, 3]
62:[13, 8, 6, 12]
63:[6, 5]
64:[13, 8]
65:[14, 8, 9, 7]
66:[0, 3, 13]
67:[5, 0, 15]
68:[13, 3, 5]
69:[6, 8, 1]
70:[15, 2, 10]
71:[7, 3, 4, 14]
72:[9, 7, 3]
73:[0, 2, 1]
74:[2, 1, 8, 9]
75:[13, 3]
76:[11, 6, 3, 10]
77:[1, 8, 14]
78:[11, 6, 3, 13]
79:[11, 6, 3, 4]
80:[12, 0, 2, 4]
81:[10, 3, 5]
82:[6, 3]
83:[12, 0]
84:[12, 0, 3]
85:[1, 2, 15]
86:[15, 2, 4]
87:[1, 2]
88:[15, 0, 12]
89:[0, 2]
90:[15, 0, 3, 7]
91:[7, 11]
92:[5, 3, 10]
93:[10, 2, 0, 12]
94:[3, 6, 11]
95:[3, 7, 9]
96:[2, 1, 8, 9]
97:[11, 6, 12]
98:[2, 4]
99:[0, 15]
100:[14, 8]
101:[15, 0, 3, 6]
102:[5, 0, 2]
103:[13, 8, 14]
104:[5, 6]
105:[12, 6, 8, 9]
106:[5, 3]
107:[14, 8, 6, 5]
108:[15, 0]
109:[0, 2, 10]
110:[14, 8, 1]
111:[6, 8]
112:[8, 14, 4]
113:[9, 8, 1, 2]
114:[8, 6, 5]
115:[8, 9, 7]
116:[13, 8, 14]
117:[0, 15]
118:[13, 3, 5]
119:[1, 8, 14]
120:[0, 3]
121:[6, 3, 4]
122:[9, 8, 1, 2, 15]
123:[4, 2, 10]
124:[7, 3]
125:[1, 2, 10]
126:[12, 0, 15]
127:[1, 2, 0, 12]
