0:[10, 3, 13]
1:[2, 3]
2:[3, 13]
3:[14, 4]
4:[13, 3, 5]
5:[6, 3, 4]
6:[14, 4]
7:[3, 5]
8:[13, 3, 4]
9:[6, 11]
10:[8, 1, 2, 10]
11:[14, 4, 2, 15]
12:[13, 8, 6, 12]
13:[14, 4, 2, 15]
14:[14, 8, 6, 12]
15:[2, 3, 7]
16:[8, 6, 5]
17:[2, 1, 8, 9]
18:[4, 3, 6]
19:[9, 8, 6]
20:[4, 2, 10]
21:[8, 6, 12]
22:[12, 0, 2, 1]
23:[13, 8, 6]
24:[4, 3, 7, 9]
25:[15, 0, 3, 6, 11]
26:[1, 8, 6]
27:[15, 2, 10]
28:[13, 3, 0, 15]
29:[15, 2, 10]
30:[6, 3, 2]
31:[8, 1, 2, 10]
32:[12, 0, 2, 10]
33:[4, 3, 7, 9]
34:[3, 2, 1]
35:[0, 3, 6, 11]
36:[6, 3, 0, 15]
37:[6, 3, 0, 15]
38:[0, 3]
39:[3, 0]
40:[2, 3, 6]
41:[8, 13]
42:[8, 6, 12]
43:[0, 2, 4]
44:[9, 8, 6]
45:[10, 3, 7]
46:[1, 2, 0, 5]
47:[1, 8, 9]
48:[13, 3, 0, 15]
49:[0, 2]
50:[14, 8, 6, 11]
51:[10, 3, 6]
52:[4, 3, 7, 9]
53:[11, 7, 9]
54:[9, 8, 1]
55:[9, 7, 3]
56:[11, 6, 3, 4]
57:[9, 8, 1]
58:[6, 3, 0, 15]
59:[4, 2]
60:[9, 8, 6, 12]
61:[4, 3]
62:[13, 8, 6, 12]
63:[6, 5]
