0:[8, 9, 5, 1]
1:[9, 8, 12]
2:[13, 12, 8]
3:[5, 4, 0]
4:[7, 11, 15]
5:[2, 3]
6:[12, 13, 14]
7:[1, 5, 9, 10]
8:[8, 4, 0]
9:[4, 0]
10:[13, 14, 10]
11:[13, 9]
12:[3, 2, 1, 5]
13:[13, 12]
14:[4, 8]
15:[13, 9, 5]
16:[6, 5, 4]
17:[14, 13, 12, 8, 4]
18:[3, 2, 1, 5]
19:[1, 5, 9, 13]
20:[11, 10, 6]
21:[10, 9, 8]
22:[3, 2, 6, 10, 14]
23:[12, 13]
24:[6, 10, 14]
25:[7, 6, 5, 4]
26:[14, 13, 12]
27:[2, 6, 7]
28:[8, 9, 5]
29:[2, 1, 5, 9]
30:[4, 5, 6]
31:[9, 10, 6]
32:[4, 8, 9, 10]
33:[8, 12]
34:[12, 13, 9, 5, 1]
35:[5, 9, 13]
36:[9, 10]
37:[11, 10, 14]
38:[15, 14, 10]
39:[13, 14, 15]
40:[15, 14, 10]
41:[2, 6]
42:[9, 8]
43:[15, 14, 13, 12]
44:[8, 4]
45:[1, 2, 3]
46:[13, 12, 8, 4, 0]
47:[11, 10, 9, 5, 1]
48:[15, 11, 7]
49:[15, 14, 13, 12, 8, 4, 0]
50:[3, 2, 1, 0, 4, 8, 12]
51:[0, 4, 8, 12, 13, 14]
52:[6, 5]
53:[13, 9, 5, 1]
54:[12, 13, 14, 15, 11, 7]
55:[4, 8]
56:[6, 5, 9]
57:[7, 6, 5, 9, 13]
58:[5, 4, 8]
59:[9, 13, 14]
60:[13, 14, 15]
61:[3, 2, 1, 0]
62:[2, 6, 10, 14]
63:[11, 10, 14]
64:[11, 10, 9, 5, 1]
65:[6, 10, 14]
66:[4, 8, 9]
67:[11, 10, 9]
68:[9, 5, 1]
69:[9, 10, 11, 7, 3]
70:[6, 10, 11]
71:[10, 9]
72:[1, 5, 6]
73:[13, 12, 8, 4]
74:[15, 14, 13, 9]
75:[12, 8, 4, 0]
76:[3, 2]
77:[12, 8, 4, 0]
78:[5, 9, 13, 14]
79:[8, 9, 10, 11, 7]
80:[7, 6, 2]
81:[13, 14, 10, 6, 2]
82:[12, 13, 9, 5]
83:[15, 14, 13]
84:[5, 9, 13, 14]
85:[6, 5, 1]
86:[11, 15]
87:[10, 11, 7]
88:[14, 13, 12]
89:[3, 2, 1, 5]
90:[1, 5]
91:[4, 5, 6, 2]
92:[9, 10, 6, 2]
93:[3, 2, 1, 0, 4]
94:[10, 9, 8, 12]
95:[14, 13, 12, 8]
96:[11, 10, 9, 13]
97:[11, 10, 9, 8, 4]
98:[12, 8, 4]
99:[10, 9, 5]
100:[6, 7, 3]
101:[12, 8, 4, 0]
102:[12, 13, 14, 15, 11, 7, 3]
103:[15, 11, 7, 3]
104:[4, 8, 12, 13]
105:[1, 2]
106:[15, 14, 13, 12]
107:[12, 8, 4, 0]
108:[7, 6, 5, 1]
109:[11, 10, 9, 13]
110:[10, 6, 2]
111:[10, 9, 8, 12]
112:[9, 10, 11, 7, 3]
113:[1, 2, 3]
114:[9, 10, 11, 7, 3]
115:[9, 13]
116:[12, 13, 14, 10]
117:[4, 5, 6, 2]
118:[15, 14, 13, 12, 8, 4, 0]
119:[11, 10, 14]
120:[4, 8, 12, 13, 14, 15]
121:[12, 13, 9, 5]
122:[10, 9, 13]
123:[9, 5]
124:[10, 9, 8, 12]
125:[9, 5]
126:[6, 10, 14]
127:[8, 12, 13, 14, 15]
