0:[40, 41, 42, 43, 44, 45, 37, 29, 21, 13]
1:[63, 62, 61, 60, 59, 51]
2:[49, 50, 51, 43, 35, 27]
3:[56, 57, 58, 59, 60, 61, 62, 63]
4:[18, 19]
5:[48, 49, 50, 51, 52, 44, 36]
6:[30, 29, 28, 27, 26, 25, 33]
7:[33, 34, 35, 36, 37, 38, 39, 31, 23]
8:[8, 16, 24, 32, 33, 34, 35, 36]
9:[17, 25, 26]
10:[37, 36, 35, 34, 33, 25]
11:[19, 18, 17, 16, 24, 32, 40]
12:[35, 43, 51]
13:[51, 52, 53, 54, 55, 47, 39, 31, 23, 15, 7]
14:[21, 29, 37, 45, 53, 54, 55]
15:[39, 38, 37, 36, 35, 34, 42]
16:[46, 45, 44, 43, 42, 50, 58]
17:[24, 25, 26, 27]
18:[43, 44, 45, 46, 47, 39, 31]
19:[63, 55, 47, 39, 31, 23, 15, 7]
20:[1, 9, 17, 25, 33, 41, 49, 57, 58, 59, 60, 61]
21:[26, 25]
22:[27, 35, 36, 37]
23:[37, 36, 35]
24:[60, 59, 58, 57, 56, 48]
25:[33, 25, 17]
26:[6, 5, 13]
27:[53, 52, 51, 50, 49, 41, 33, 25, 17, 9, 1]
28:[47, 39, 31, 23, 15, 7]
29:[62, 61, 60, 52, 44, 36, 28]
30:[60, 59, 58, 57, 49, 41, 33, 25, 17, 9, 1]
31:[15, 14, 13, 12, 11, 10, 9, 17, 25, 33, 41, 49]
32:[3, 11, 19, 27, 35, 43, 51, 59]
33:[27, 28, 29, 30, 22]
34:[54, 46, 38, 30, 22, 14, 6]
35:[50, 51, 52, 44, 36, 28]
36:[16, 24, 32, 33, 34, 35]
37:[27, 35, 36]
38:[30, 38, 46, 54, 55]
39:[23, 22, 21, 20, 19, 18, 17, 25, 33]
40:[39, 38, 37, 36, 35, 34, 42, 50, 58]
41:[52, 60, 61, 62, 63]
42:[14, 13, 12, 11, 3]
43:[11, 19, 27, 35, 43, 51, 59]
44:[46, 45, 44, 43, 42, 41, 49, 57]
45:[45, 46, 38, 30, 22, 14, 6]
46:[26, 34, 42, 50, 58]
47:[18, 26, 34, 35, 36, 37, 38]
48:[46, 47, 39]
49:[36, 28, 20, 12, 4]
50:[38, 37, 36, 28, 20, 12]
51:[26, 34, 42, 43, 44, 45, 46]
52:[40, 41, 42, 43, 44, 36]
53:[7, 6, 5, 4, 3, 2, 1, 9, 17, 25]
54:[52, 51, 50, 49, 41, 33, 25, 17]
55:[63, 62, 54, 46, 38]
56:[48, 49, 50, 51, 43, 35, 27, 19, 11, 3]
57:[12, 11, 10, 9]
58:[51, 43, 35, 27, 19, 11, 3]
59:[23, 22, 21, 20, 19, 18, 26, 34, 42, 50, 58]
60:[33, 34, 35, 36, 28]
61:[29, 28, 27, 26, 18, 10]
62:[53, 52, 51, 50, 49, 48, 40, 32, 24, 16, 8]
63:[50, 51, 52, 53, 45, 37, 29, 21]
64:[61, 62, 63, 55]
65:[23, 22, 21, 20, 19, 18, 17, 25, 33, 41, 49, 57]
66:[24, 25, 26, 27, 28, 29, 30, 22, 14, 6]
67:[44, 52, 60]
68:[43, 44, 36, 28]
69:[56, 57, 49]
70:[13, 12, 20]
71:[5, 13, 21, 22]
72:[18, 19, 11]
73:[37, 36, 35, 34, 33, 25, 17, 9]
74:[13, 12, 11, 19]
75:[43, 42, 41, 49]
76:[57, 58, 50, 42, 34]
77:[45, 53, 54, 55]
78:[44, 43, 42, 41, 40, 32, 24, 16]
79:[50, 49, 48, 40, 32, 24, 16]
80:[43, 44, 45, 37, 29, 21]
81:[25, 26, 27, 28, 29, 30, 31, 23, 15]
82:[49, 50, 42, 34, 26, 18, 10, 2]
83:[50, 51, 52, 53, 54, 46, 38, 30, 22, 14]
84:[6, 5, 4]
85:[14, 22, 30, 38, 46, 54, 62]
86:[54, 46, 38, 30, 22, 14, 6]
87:[26, 34, 42, 50, 58, 59, 60, 61]
88:[48, 49, 41, 33, 25, 17, 9, 1]
89:[62, 61, 60]
90:[30, 31, 23, 15, 7]
91:[47, 46, 54]
92:[42, 41, 40, 32, 24, 16, 8]
93:[43, 42, 41, 49]
94:[36, 37, 38, 39, 31, 23, 15]
95:[7, 15]
96:[36, 37, 38, 39, 31, 23, 15]
97:[38, 37, 36, 44, 52]
98:[50, 42]
99:[19, 18, 17, 16, 8]
100:[60, 59, 58, 50, 42, 34, 26, 18, 10, 2]
101:[44, 43, 42, 41, 49, 57]
102:[19, 27, 35, 43, 51, 59, 60, 61]
103:[51, 52, 53, 54, 46, 38, 30, 22]
104:[43, 51, 52, 53, 54, 55]
105:[37, 38, 39, 31, 23]
106:[40, 48, 49, 50]
107:[38, 30, 22]
108:[24, 32, 40, 48, 56, 57, 58, 59]
109:[35, 43, 51, 59, 60, 61, 62]
110:[10, 11, 3]
111:[6, 5, 4, 3, 2, 1, 0, 8, 16, 24, 32, 40, 48, 56]
112:[32, 33, 25]
113:[33, 34, 35, 36, 37, 29, 21, 13]
114:[34, 33, 32, 24, 16]
115:[7, 15, 23, 31, 39]
116:[14, 13, 12, 11, 10, 9, 8, 16, 24, 32]
117:[12, 11, 10, 18, 26, 34]
118:[56, 57, 58, 59, 60, 61, 62, 54]
119:[9, 10, 11, 3]
120:[62, 61, 60, 52, 44, 36, 28, 20]
121:[21, 20, 28, 36]
122:[56, 57, 58, 59, 60, 61, 62]
123:[13, 12]
124:[19, 18, 26, 34, 42, 50]
125:[61, 62, 54, 46, 38, 30, 22]
126:[43, 44, 45, 46, 38, 30, 22, 14]
127:[13, 12, 11, 19, 27, 35, 43, 51]
128:[42, 43, 35, 27, 19, 11]
129:[63, 62, 61, 60, 59, 58, 57, 49, 41]
130:[23, 22, 21, 20, 12, 4]
131:[30, 29, 37, 45, 53]
132:[60, 59, 58, 50, 42]
133:[34, 35, 36, 37, 38, 30, 22, 14, 6]
134:[62, 61]
135:[29, 28, 27, 26, 25, 24, 16, 8]
136:[47, 46, 45, 44, 43, 42, 50]
137:[28, 29, 30, 31, 23, 15]
138:[37, 36, 35, 34, 33, 32, 40, 48, 56]
139:[42, 43, 44, 45, 46, 47, 39, 31, 23]
140:[6, 7]
141:[47, 55, 63]
142:[59, 60, 61, 62, 54, 46, 38]
143:[59, 58, 57, 49, 41]
144:[33, 32, 24, 16, 8, 0]
145:[53, 61, 62]
146:[29, 28, 27, 26, 25, 17, 9]
147:[34, 42, 50, 58, 59]
148:[15, 14, 13, 12, 11, 10, 18]
149:[39, 38, 37, 36, 35, 43]
150:[57, 58, 59, 51, 43, 35]
151:[23, 22, 21, 20, 12]
152:[7, 6, 5, 4, 3, 11, 19, 27, 35, 43]
153:[39, 38, 37, 36, 35, 34, 33, 41]
154:[37, 36, 35, 43, 51, 59]
155:[61, 53, 45, 37, 29, 21, 13, 5]
156:[62, 61, 60, 52, 44, 36, 28]
157:[34, 35, 27, 19]
158:[60, 61, 62, 63, 55]
159:[7, 6, 5, 4, 3, 2, 1, 0, 8]
160:[14, 13, 12, 11, 10, 18, 26, 34, 42, 50]
161:[39, 38, 37, 36, 35, 34, 33, 41, 49, 57]
162:[35, 34, 33, 32, 24, 16, 8]
163:[17, 25, 33, 41, 49, 57]
164:[60, 61, 62]
165:[31, 30, 29, 28, 27, 26, 25, 17, 9, 1]
166:[35, 36, 37, 38, 39, 31, 23, 15, 7]
167:[45, 37, 29, 21, 13, 5]
168:[59, 58, 57, 56, 48, 40, 32]
169:[45, 46, 47, 39, 31, 23, 15, 7]
170:[22, 21, 20, 28, 36, 44, 52, 60]
171:[59, 51, 43]
172:[61, 60, 59, 58, 57, 56, 48, 40, 32, 24, 16, 8]
173:[2, 10, 18, 26, 34, 35, 36, 37, 38, 39]
174:[18, 17, 25, 33, 41, 49]
175:[16, 24, 32, 40, 48, 49, 50, 51, 52, 53, 54, 55]
176:[11, 10, 9, 8]
177:[29, 30, 31]
178:[12, 11, 10, 18]
179:[29, 37, 45, 53, 54]
180:[26, 34, 42, 50, 51, 52, 53, 54, 55]
181:[2, 1, 9, 17, 25, 33, 41]
182:[62, 61, 60, 59, 58, 57, 56, 48, 40, 32, 24]
183:[46, 45, 44, 36, 28]
184:[5, 4, 3, 2, 1, 0, 8, 16, 24, 32, 40]
185:[44, 43, 42, 34, 26, 18]
186:[0, 8, 16, 24, 32, 40, 48]
187:[26, 25, 24, 16, 8]
188:[28, 36, 37, 38, 39]
189:[10, 18, 26, 34, 42, 50, 58, 59]
190:[9, 17, 25, 33, 41, 49, 57, 58]
191:[5, 4, 12, 20, 28, 36]
192:[32, 33, 25]
193:[30, 29, 28, 27, 26, 18, 10]
194:[9, 17, 18]
195:[63, 62, 61, 60, 59, 51, 43, 35, 27, 19, 11]
196:[46, 45, 44, 43, 42]
197:[21, 20, 28, 36, 44, 52, 60]
198:[49, 50, 51, 52, 53, 54, 46]
199:[5, 4, 3, 2, 1, 9, 17, 25, 33, 41, 49, 57]
