0:[8, 9, 5, 1]
1:[9, 8, 12]
2:[13, 12, 8]
3:[5, 4, 0]
4:[7, 11, 15]
5:[2, 3]
6:[12, 13, 14]
7:[1, 5, 9, 10]
8:[8, 4, 0]
9:[4, 0]
10:[13, 14, 10]
11:[9, 10, 6, 2]
12:[5, 6, 7, 3]
13:[12, 13, 14]
14:[8, 12, 13]
15:[3, 2, 6]
16:[2, 6, 10, 14]
17:[12, 13, 14, 15, 11, 7, 3]
18:[1, 5, 9, 13]
19:[11, 10, 6]
20:[10, 9, 8]
21:[3, 2, 6, 10, 14]
22:[12, 13]
23:[6, 10, 14]
24:[7, 6, 5, 4]
25:[14, 13, 12]
26:[2, 6, 7]
27:[8, 9, 5]
28:[2, 1, 5, 9]
29:[4, 5, 6]
30:[9, 10, 6]
31:[4, 8, 9, 10]
32:[8, 12]
33:[12, 13, 9, 5, 1]
34:[13, 14, 10, 6]
35:[4, 8, 9]
36:[15, 11]
37:[1, 5, 6]
38:[15, 14, 10]
39:[13, 14, 15]
40:[15, 14, 10]
41:[6, 2]
42:[8, 9, 10]
43:[12, 13, 14, 10]
44:[4, 8, 9]
45:[3, 2, 1]
46:[0, 4, 8, 9, 10, 11]
47:[6, 10, 14, 15]
48:[6, 10, 14, 15]
49:[0, 1, 2, 3]
50:[3, 2, 1, 0]
51:[2, 6]
52:[8, 12, 13]
53:[8, 12]
54:[0, 4]
55:[9, 10, 6]
56:[10, 11, 7]
57:[1, 5]
58:[1, 5, 9]
59:[13, 14, 15]
60:[0, 1, 2]
61:[14, 15, 11]
62:[10, 6]
63:[4, 8, 9]
64:[11, 10, 9]
65:[9, 5, 1]
66:[9, 10, 11, 7, 3]
67:[11, 10, 9, 8, 4]
68:[9, 5, 1]
69:[6, 10, 14, 15]
70:[4, 5, 6, 2]
71:[9, 8, 12]
72:[4, 5, 6, 7, 3]
73:[13, 12]
74:[6, 5]
75:[13, 12, 8]
76:[14, 15, 11, 7]
77:[0, 4, 8, 12, 13]
78:[5, 9, 13, 14, 15]
79:[13, 9, 5]
80:[6, 5, 1]
81:[15, 14, 10]
82:[7, 6, 10, 14]
83:[9, 10, 11, 7, 3]
84:[0, 1]
85:[2, 1, 5, 9]
86:[13, 14, 15, 11, 7, 3]
87:[11, 10]
88:[1, 5, 9, 13, 14]
89:[11, 10, 9, 13]
90:[11, 10, 9, 8, 4]
91:[12, 8, 4]
92:[10, 9, 5]
93:[6, 7, 3]
94:[12, 8, 4, 0]
95:[12, 13, 14, 15, 11, 7, 3]
96:[1, 5, 9, 13, 14, 15]
97:[15, 14, 13, 12, 8, 4]
98:[1, 2]
99:[15, 14, 13, 12]
100:[0, 1, 2]
101:[15, 11, 7]
102:[7, 11]
103:[5, 9, 10]
104:[10, 9, 8, 12]
105:[3, 7, 11]
106:[3, 2, 1, 5, 9]
107:[2, 1, 5, 9]
108:[11, 10, 9, 8, 12]
109:[2, 1, 0, 4]
110:[0, 4, 8, 12, 13, 14, 15]
111:[14, 13, 12, 8]
112:[15, 14, 10, 6]
113:[5, 6, 2]
114:[13, 14]
115:[5, 6]
116:[12, 13, 9]
117:[5, 6, 7, 3]
118:[14, 13, 9, 5]
119:[15, 14, 13, 12, 8, 4, 0]
120:[0, 4, 8, 9, 10]
121:[14, 13, 9, 5, 1]
122:[6, 5, 4, 8]
123:[8, 4]
124:[9, 10, 6, 2]
125:[8, 9, 5]
126:[8, 9, 10, 11, 7]
127:[13, 14]
