0, 43, 30, 8
1, 6, 23, 6
2, 7, 39, 8
3, 52, 63, 10
4, 14, 3, 10
5, 11, 59, 6
6, 46, 57, 10
7, 45, 6, 6
8, 26, 58, 10
9, 18, 38, 4
10, 46, 39, 6
11, 36, 4, 6
12, 38, 12, 10
13, 26, 46, 4
14, 40, 36, 2
15, 7, 25, 8
16, 52, 17, 2
17, 63, 38, 10
18, 48, 3, 4
19, 12, 9, 8
20, 51, 3, 4
21, 23, 58, 8
22, 33, 28, 8
23, 29, 10, 2
24, 53, 8, 8
25, 50, 21, 8
26, 61, 55, 10
27, 23, 57, 10
28, 24, 6, 10
29, 44, 60, 10
30, 43, 28, 4
31, 56, 49, 6
32, 13, 20, 2
33, 5, 22, 4
34, 18, 11, 10
35, 37, 9, 8
36, 13, 19, 6
37, 43, 49, 2
38, 57, 34, 10
39, 45, 55, 6
40, 44, 16, 2
41, 50, 16, 8
42, 43, 21, 6
43, 25, 15, 8
44, 49, 2, 6
45, 50, 14, 10
46, 6, 4, 8
47, 14, 62, 4
48, 54, 6, 2
49, 26, 61, 8
50, 48, 1, 2
51, 62, 60, 10
52, 30, 7, 4
53, 47, 54, 4
54, 42, 8, 10
55, 43, 49, 10
56, 36, 15, 6
57, 7, 15, 10
58, 36, 15, 2
59, 38, 52, 6
60, 50, 42, 4
61, 19, 8, 4
62, 60, 2, 8
63, 44, 57, 6
64, 19, 61, 4
65, 51, 22, 2
66, 43, 55, 8
67, 37, 23, 4
68, 40, 50, 6
69, 38, 22, 2
70, 24, 59, 4
71, 35, 62, 2
72, 10, 3, 6
73, 6, 56, 2
74, 32, 25, 10
75, 33, 13, 10
76, 34, 16, 10
77, 7, 39, 2
78, 14, 32, 4
79, 12, 34, 4
80, 56, 54, 8
81, 9, 3, 10
82, 62, 20, 8
83, 21, 36, 2
84, 56, 62, 2
85, 13, 12, 4
86, 19, 50, 6
87, 61, 22, 4
88, 43, 14, 4
89, 13, 51, 2
90, 42, 11, 8
91, 63, 41, 4
92, 23, 4, 8
93, 30, 53, 6
94, 60, 42, 2
95, 34, 6, 6
96, 62, 61, 8
97, 29, 8, 4
98, 47, 50, 6
99, 28, 15, 6
100, 37, 56, 4
101, 42, 23, 8
102, 6, 7, 8
103, 47, 63, 8
104, 59, 38, 2
105, 59, 41, 4
106, 33, 0, 6
107, 53, 62, 10
108, 29, 9, 4
109, 34, 59, 10
110, 15, 18, 4
111, 39, 43, 8
112, 57, 35, 6
113, 23, 12, 4
114, 7, 43, 4
115, 39, 41, 2
116, 37, 59, 2
117, 61, 5, 2
118, 62, 28, 8
119, 34, 19, 4
120, 60, 55, 10
121, 7, 8, 8
122, 14, 50, 8
123, 39, 57, 6
124, 35, 8, 10
125, 17, 57, 4
126, 60, 62, 2
127, 31, 1, 8
128, 35, 7, 10
129, 45, 5, 10
130, 59, 32, 8
131, 45, 7, 4
132, 22, 60, 10
133, 59, 43, 8
134, 61, 8, 4
135, 2, 39, 2
136, 18, 49, 6
137, 16, 55, 6
138, 11, 8, 4
139, 29, 31, 4
140, 12, 18, 4
141, 29, 54, 8
142, 26, 55, 10
143, 2, 41, 6
144, 62, 24, 10
145, 46, 28, 8
146, 5, 40, 2
147, 44, 18, 2
148, 0, 48, 6
149, 26, 8, 10
150, 28, 39, 6
151, 10, 59, 8
152, 9, 58, 8
153, 5, 36, 10
154, 32, 25, 10
155, 30, 10, 2
156, 9, 18, 2
157, 63, 11, 4
158, 46, 42, 6
159, 21, 60, 2
160, 49, 46, 6
161, 5, 57, 6
162, 43, 4, 6
163, 45, 32, 10
164, 10, 59, 8
165, 42, 32, 8
166, 57, 47, 4
167, 28, 3, 4
168, 61, 40, 2
169, 6, 49, 10
170, 18, 8, 6
171, 25, 54, 10
172, 7, 61, 2
173, 39, 25, 6
174, 12, 11, 2
175, 28, 32, 10
176, 29, 0, 8
177, 39, 29, 8
178, 22, 5, 6
179, 4, 16, 4
180, 49, 55, 10
181, 15, 35, 10
182, 49, 42, 4
183, 26, 40, 10
184, 32, 34, 2
185, 24, 18, 4
186, 49, 54, 10
187, 10, 57, 4
188, 59, 48, 10
189, 4, 8, 8
190, 12, 27, 2
191, 20, 19, 2
192, 7, 34, 10
193, 62, 33, 6
194, 49, 51, 10
195, 36, 13, 8
196, 41, 54, 2
197, 61, 18, 2
198, 1, 34, 10
199, 44, 21, 8
200, 60, 20, 10
201, 3, 37, 8
202, 28, 46, 2
203, 30, 55, 8
204, 38, 8, 4
205, 32, 56, 8
206, 39, 56, 4
207, 36, 10, 2
208, 23, 1, 2
209, 36, 25, 2
210, 49, 63, 10
211, 27, 26, 4
212, 8, 42, 10
213, 16, 12, 8
214, 3, 43, 2
215, 27, 39, 8
216, 53, 44, 4
217, 25, 7, 2
218, 57, 18, 10
219, 2, 32, 4
220, 1, 12, 10
221, 41, 25, 10
222, 40, 36, 6
223, 62, 25, 8
224, 21, 62, 2
225, 50, 7, 8
226, 41, 40, 8
227, 27, 37, 4
228, 32, 46, 8
229, 21, 26, 6
230, 26, 60, 2
231, 1, 41, 2
232, 48, 56, 4
233, 55, 53, 10
234, 0, 53, 10
235, 46, 3, 10
236, 3, 39, 6
237, 18, 19, 4
238, 59, 4, 2
239, 11, 8, 10
240, 63, 36, 8
241, 12, 29, 4
242, 45, 19, 2
243, 18, 9, 4
244, 20, 9, 8
245, 3, 10, 2
246, 29, 4, 10
247, 35, 34, 4
248, 16, 55, 4
249, 53, 27, 8
250, 38, 4, 4
251, 44, 10, 8
252, 56, 42, 10
253, 14, 62, 8
254, 20, 3, 10
255, 41, 59, 8
256, 26, 20, 2
257, 11, 40, 10
258, 38, 44, 8
259, 63, 0, 10
260, 63, 45, 2
261, 8, 21, 4
262, 57, 19, 10
263, 38, 40, 6
264, 59, 11, 6
265, 17, 37, 6
266, 59, 53, 4
267, 58, 36, 6
268, 41, 4, 6
269, 31, 49, 2
270, 34, 12, 6
271, 23, 30, 4
272, 33, 41, 8
273, 14, 2, 8
274, 50, 48, 4
275, 30, 46, 6
276, 62, 9, 6
277, 32, 57, 2
278, 35, 61, 10
279, 58, 10, 10
280, 36, 58, 8
281, 32, 60, 4
282, 49, 48, 2
283, 33, 23, 2
284, 30, 16, 2
285, 54, 51, 4
286, 0, 16, 10
287, 14, 9, 6
288, 41, 56, 10
289, 34, 61, 10
290, 47, 12, 2
291, 40, 41, 6
292, 24, 52, 4
293, 44, 2, 6
294, 44, 20, 8
295, 11, 57, 6
296, 1, 39, 4
297, 4, 25, 2
298, 42, 52, 8
299, 52, 6, 2
