0 2 7
0 3 10
0 5 5
0 12 7
0 15 6
0 21 6
0 23 6
0 37 8
0 46 10
0 47 7
1 2 6
1 8 5
2 3 6
2 4 7
2 10 5
2 15 10
2 18 10
2 23 10
2 25 7
2 26 8
2 27 5
2 36 10
2 40 10
2 45 10
2 59 9
3 4 8
3 5 5
3 6 9
3 7 6
3 10 8
3 13 10
3 19 6
3 21 6
3 32 6
3 33 7
3 39 7
3 44 8
4 14 7
4 19 8
4 29 5
4 31 6
4 36 10
4 38 9
5 6 10
5 7 6
5 16 8
5 18 10
5 20 7
5 24 6
5 32 8
5 43 8
6 8 5
6 11 5
6 12 5
6 22 8
6 29 7
6 30 10
6 34 9
6 39 6
6 41 6
6 48 5
6 49 6
7 9 7
7 11 9
7 33 7
7 57 10
7 60 7
8 9 7
8 13 8
8 14 10
8 17 8
8 38 10
8 49 7
8 63 10
9 17 7
9 61 6
10 20 7
10 60 9
11 57 9
12 16 5
12 42 9
12 56 9
15 22 5
15 24 5
15 25 8
15 28 5
15 30 9
15 34 7
15 53 5
15 55 6
18 47 10
18 61 8
18 63 6
23 27 6
25 26 10
25 28 8
25 46 5
25 52 5
26 31 10
26 52 5
27 35 8
27 41 10
27 51 5
29 37 5
29 44 10
30 35 8
31 40 10
31 50 5
31 59 10
33 50 6
33 54 6
33 55 7
36 42 10
36 53 8
36 54 5
41 43 7
41 56 8
42 48 6
42 62 5
43 45 6
44 51 7
45 58 7
46 62 6
47 58 7
