0:[43, 41, 6, 30]
1:[6, 3, 0, 23]
2:[7, 3, 39]
3:[52, 25, 2, 18, 63]
4:[14, 4, 3]
5:[11, 6, 3, 2, 59]
6:[46, 0, 3, 7, 57]
7:[45, 2, 3, 6]
8:[26, 2, 45, 58]
9:[18, 2, 4, 38]
10:[46, 0, 3, 39]
11:[36, 4]
12:[38, 8, 6, 12]
13:[26, 25, 46]
14:[40, 2, 36]
15:[7, 3, 2, 25]
16:[52, 25, 2, 1, 8, 17]
17:[63, 8, 38]
18:[48, 6, 3]
19:[12, 6, 8, 9]
20:[51, 44, 3]
21:[23, 0, 47, 58]
22:[33, 55, 15, 28]
23:[29, 4, 2, 10]
24:[53, 36, 2, 1, 8]
25:[50, 33, 3, 21]
26:[61, 9, 7, 33, 55]
27:[23, 0, 3, 7, 57]
28:[24, 5, 6]
29:[44, 3, 7, 60]
30:[43, 5, 0, 15, 28]
31:[56, 41, 6, 49]
32:[13, 3, 5, 20]
33:[5, 6, 22]
34:[18, 5, 6, 11]
35:[37, 0, 3, 7, 9]
36:[13, 3, 19]
37:[43, 41, 6, 49]
38:[57, 11, 6, 34]
39:[45, 2, 15, 55]
40:[44, 3, 5, 16]
41:[50, 33, 3, 5, 16]
42:[43, 5, 0, 21]
43:[25, 15]
44:[49, 8, 1, 2]
45:[50, 31, 4, 14]
46:[6, 3, 4]
47:[14, 4, 36, 42, 62]
48:[54, 33, 3, 6]
49:[26, 2, 18, 61]
50:[48, 6, 8, 1]
51:[62, 42, 36, 2, 10, 60]
52:[30, 6, 3, 7]
53:[47, 0, 2, 36, 54]
54:[42, 12, 6, 8]
55:[43, 41, 6, 49]
56:[36, 2, 15]
57:[7, 3, 0, 15]
58:[36, 2, 15]
59:[38, 4, 2, 25, 52]
60:[50, 33, 54, 36, 42]
61:[19, 3, 6, 8]
62:[60, 10, 2]
63:[44, 3, 7, 57]
64:[19, 3, 2, 18, 61]
65:[51, 27, 2, 15, 22]
66:[43, 5, 0, 15, 55]
67:[37, 0, 23]
68:[40, 31, 50]
69:[38, 8, 6, 22]
70:[24, 15, 2, 59]
71:[35, 27, 2, 0, 46, 62]
72:[10, 3]
73:[6, 12, 56]
74:[32, 3, 2, 25]
75:[33, 3, 13]
76:[34, 6, 5, 16]
77:[7, 3, 39]
78:[14, 4, 3, 32]
79:[12, 6, 34]
80:[56, 12, 42, 36, 54]
81:[9, 7, 3]
82:[62, 46, 0, 5, 20]
83:[21, 0, 2, 36]
84:[56, 12, 42, 62]
85:[13, 8, 6, 12]
86:[19, 3, 33, 50]
87:[61, 9, 8, 6, 22]
88:[43, 41, 6, 8, 14]
89:[13, 3, 44, 51]
90:[42, 12, 6, 11]
91:[63, 8, 6, 41]
92:[23, 2, 4]
93:[30, 15, 53]
94:[60, 10, 2, 36, 42]
95:[34, 6]
96:[62, 42, 36, 2, 18, 61]
97:[29, 6, 8]
98:[47, 0, 3, 33, 50]
99:[28, 15]
100:[37, 0, 12, 56]
101:[42, 12, 0, 23]
102:[6, 3, 7]
103:[47, 18, 63]
104:[59, 2, 4, 38]
105:[59, 2, 27, 41]
106:[33, 3, 0]
107:[53, 36, 42, 62]
108:[29, 6, 8, 9]
109:[34, 15, 2, 59]
110:[15, 2, 18]
111:[39, 3, 5, 43]
112:[57, 11, 6, 30, 35]
113:[23, 0, 12]
114:[7, 5, 43]
115:[39, 6, 41]
116:[37, 0, 2, 59]
117:[61, 18, 5]
118:[62, 46, 25, 28]
119:[34, 6, 3, 19]
120:[60, 7, 33, 55]
121:[7, 9, 8]
122:[14, 4, 31, 50]
123:[39, 3, 7, 57]
124:[35, 30, 6, 8]
125:[17, 9, 7, 57]
126:[60, 10, 2, 0, 46, 62]
127:[31, 26, 2, 1]
128:[35, 27, 2, 3, 7]
129:[45, 43, 5]
130:[59, 2, 3, 32]
131:[45, 2, 3, 7]
132:[22, 6, 3, 7, 60]
133:[59, 2, 45, 43]
134:[61, 9, 8]
135:[2, 3, 39]
136:[18, 5, 6, 49]
137:[16, 12, 0, 15, 55]
138:[11, 6, 8]
139:[29, 4, 31]
140:[12, 0, 2, 18]
141:[29, 4, 36, 54]
142:[26, 25, 15, 55]
143:[2, 27, 41]
144:[62, 46, 0, 5, 24]
145:[46, 25, 28]
146:[5, 0, 2, 40]
147:[44, 3, 2, 18]
148:[0, 3, 6, 48]
149:[26, 2, 1, 8]
150:[28, 25, 2, 3, 39]
151:[10, 2, 59]
152:[9, 61, 18, 47, 58]
153:[5, 0, 2, 36]
154:[32, 3, 2, 25]
155:[30, 6, 3, 10]
156:[9, 61, 18]
157:[63, 8, 6, 11]
158:[46, 62, 42]
159:[21, 3, 7, 60]
160:[49, 6, 3, 0, 46]
161:[5, 7, 57]
162:[43, 5, 3, 4]
163:[45, 2, 3, 32]
164:[10, 2, 59]
165:[42, 12, 0, 3, 32]
166:[57, 7, 3, 0, 47]
167:[28, 25, 2, 3]
168:[61, 18, 2, 40]
169:[6, 49]
170:[18, 63, 8]
171:[25, 2, 36, 54]
172:[7, 9, 61]
173:[39, 3, 2, 25]
174:[12, 6, 11]
175:[28, 25, 2, 3, 32]
176:[29, 37, 0]
177:[39, 6, 29]
178:[22, 6, 5]
179:[4, 3, 5, 16]
180:[49, 6, 3, 33, 55]
181:[15, 30, 35]
182:[49, 6, 12, 42]
183:[26, 2, 40]
184:[32, 3, 6, 34]
185:[24, 5, 18]
186:[49, 6, 3, 33, 54]
187:[10, 3, 7, 57]
188:[59, 2, 3, 6, 48]
189:[4, 14, 8]
190:[12, 0, 2, 27]
191:[20, 10, 3, 19]
192:[7, 3, 6, 34]
193:[62, 42, 36, 54, 33]
194:[49, 6, 3, 44, 51]
195:[36, 2, 3, 13]
196:[41, 27, 2, 36, 54]
197:[61, 18]
198:[1, 2, 15, 34]
199:[44, 3, 21]
