0:[43, 41, 6, 30]
1:[6, 3, 0, 23]
2:[7, 3, 39]
3:[52, 25, 2, 18, 63]
4:[14, 4, 3]
5:[11, 6, 3, 2, 59]
6:[46, 0, 3, 7, 57]
7:[45, 2, 3, 6]
8:[26, 2, 45, 58]
9:[18, 2, 4, 38]
10:[46, 0, 3, 39]
11:[36, 4]
12:[38, 8, 6, 12]
13:[26, 25, 46]
14:[40, 2, 36]
15:[7, 3, 2, 25]
16:[52, 25, 2, 1, 8, 17]
17:[63, 8, 38]
18:[48, 6, 3]
19:[12, 6, 8, 9]
20:[51, 44, 3]
21:[23, 0, 47, 58]
22:[33, 55, 15, 28]
23:[29, 4, 2, 10]
24:[53, 36, 2, 1, 8]
25:[50, 33, 3, 21]
26:[61, 9, 7, 33, 55]
27:[23, 0, 3, 7, 57]
28:[24, 5, 6]
29:[44, 3, 7, 60]
30:[43, 5, 0, 15, 28]
31:[56, 41, 6, 49]
32:[13, 3, 5, 20]
33:[5, 6, 22]
34:[18, 5, 6, 11]
35:[37, 0, 3, 7, 9]
36:[13, 3, 19]
37:[43, 41, 6, 49]
38:[57, 11, 6, 34]
39:[45, 2, 15, 55]
40:[44, 3, 5, 16]
41:[50, 33, 3, 5, 16]
42:[43, 5, 0, 21]
43:[25, 15]
44:[49, 8, 1, 2]
45:[50, 31, 4, 14]
46:[6, 3, 4]
47:[14, 4, 36, 42, 62]
48:[54, 33, 3, 6]
49:[26, 2, 18, 61]
50:[48, 6, 8, 1]
51:[62, 42, 36, 2, 10, 60]
52:[30, 6, 3, 7]
53:[47, 0, 2, 36, 54]
54:[42, 12, 6, 8]
55:[43, 41, 6, 49]
56:[36, 2, 15]
57:[7, 3, 0, 15]
58:[36, 2, 15]
59:[38, 4, 2, 25, 52]
60:[50, 33, 54, 36, 42]
61:[19, 3, 6, 8]
62:[60, 10, 2]
63:[44, 3, 7, 57]
64:[19, 3, 2, 18, 61]
65:[51, 27, 2, 15, 22]
66:[43, 5, 0, 15, 55]
67:[37, 0, 23]
68:[40, 31, 50]
69:[38, 8, 6, 22]
70:[24, 15, 2, 59]
71:[35, 27, 2, 0, 46, 62]
72:[10, 3]
73:[6, 12, 56]
74:[32, 3, 2, 25]
75:[33, 3, 13]
76:[34, 6, 5, 16]
77:[7, 3, 39]
78:[14, 4, 3, 32]
79:[12, 6, 34]
80:[56, 12, 42, 36, 54]
81:[9, 7, 3]
82:[62, 46, 0, 5, 20]
83:[21, 0, 2, 36]
84:[56, 12, 42, 62]
85:[13, 8, 6, 12]
86:[19, 3, 33, 50]
87:[61, 9, 8, 6, 22]
88:[43, 41, 6, 8, 14]
89:[13, 3, 44, 51]
90:[42, 12, 6, 11]
91:[63, 8, 6, 41]
92:[23, 2, 4]
93:[30, 15, 53]
94:[60, 10, 2, 36, 42]
95:[34, 6]
96:[62, 42, 36, 2, 18, 61]
97:[29, 6, 8]
98:[47, 0, 3, 33, 50]
99:[28, 15]
