0:[61, 62, 63, 64, 65, 66, 56, 46]
1:[5, 4, 14, 24]
2:[86, 87, 77, 67, 57, 47, 37, 27]
3:[87, 86, 85, 84, 83, 73, 63, 53, 43]
4:[54, 53, 63]
5:[3, 2, 1]
6:[43, 53, 63, 73, 83, 93, 94]
7:[26, 25]
8:[27, 37]
9:[37, 36, 35, 34, 33, 32, 31, 30, 40, 50, 60, 70, 80, 90]
10:[40, 50, 60]
11:[80, 81, 82, 72, 62, 52, 42]
12:[17, 27, 37, 38]
13:[77, 76, 66, 56, 46, 36, 26, 16, 6]
14:[66, 65, 64, 63, 53, 43, 33, 23, 13]
15:[53, 52, 51, 41, 31, 21, 11, 1]
16:[47, 37, 27, 17, 7]
17:[85, 84, 83, 82, 72, 62]
18:[24, 23, 22, 21, 31, 41, 51, 61, 71, 81, 91]
19:[83, 84, 85, 75, 65, 55, 45, 35, 25, 15]
20:[94, 95, 96, 97, 98]
21:[3, 13, 23, 33, 43, 53, 63, 73, 83, 93]
22:[90, 91, 81, 71, 61, 51, 41, 31, 21, 11]
23:[22, 32, 33]
24:[6, 5, 4, 3, 2, 12, 22, 32]
25:[28, 27, 26, 25, 24, 23, 22, 21, 20, 10, 0]
26:[35, 36]
27:[36, 35, 34, 33, 43]
28:[55, 56, 46, 36, 26, 16, 6]
29:[33, 34, 35, 36, 37, 27, 17, 7]
30:[58, 68]
31:[85, 84, 83, 82, 72, 62, 52]
32:[79, 78, 77, 76, 86, 96]
33:[3, 13, 23, 33, 43, 53, 63, 73]
34:[99, 89, 79, 69, 59]
35:[46, 45, 55, 65, 75, 85]
36:[57, 56, 55, 54, 53, 52, 51, 50, 60, 70]
37:[6, 5, 4, 3, 2, 12, 22, 32, 42]
38:[90, 91, 92, 93, 94, 95, 96, 97, 98, 88, 78, 68, 58]
39:[18, 28, 38]
40:[46, 47, 48, 49, 39]
41:[36, 46, 56, 66, 76, 86, 96, 97, 98, 99]
42:[42, 43, 44, 45, 46, 47, 48, 38]
43:[68, 67, 66, 56, 46, 36, 26]
44:[90, 91, 92, 93, 94, 95, 96, 97, 87, 77, 67, 57, 47, 37, 27, 17]
45:[40, 50, 60, 70, 80, 81, 82, 83, 84, 85, 86, 87]
46:[25, 24, 23, 22, 21, 20, 30, 40, 50, 60]
47:[17, 18, 8]
48:[63, 73, 83, 84]
49:[79, 78, 68]
50:[93, 94, 84, 74, 64]
51:[48, 47, 46, 45, 44, 43, 33, 23, 13, 3]
52:[12, 22, 32, 42, 52, 62, 63, 64, 65, 66]
53:[80, 81, 82, 83, 84, 85, 86, 87, 77]
54:[55, 54, 64, 74, 84]
55:[84, 83, 82, 81, 71, 61, 51]
56:[27, 26, 25, 35, 45, 55, 65]
57:[58, 57, 56, 55]
58:[28, 38, 48, 58]
59:[10, 11, 1]
60:[8, 7, 6, 5, 4, 3, 2, 1, 11, 21, 31, 41, 51]
61:[80, 81, 82, 83, 84, 85, 86, 87, 77]
62:[63, 64, 65]
63:[55, 65, 66]
64:[89, 88, 87, 86, 85, 84, 83, 73, 63, 53, 43, 33, 23]
65:[77, 76, 75, 74, 64, 54, 44, 34, 24]
66:[6, 16, 26, 36, 46, 56, 66, 67, 68]
67:[96, 97, 87, 77]
68:[68, 67, 66, 65, 64, 63, 53, 43]
69:[29, 28, 27, 26, 36, 46, 56]
70:[38, 37, 36, 35, 34, 33, 23, 13]
71:[1, 11, 21, 31, 41, 51, 61, 71, 81, 91, 92, 93, 94, 95]
72:[82, 72, 62, 52, 42, 32, 22]
73:[18, 17, 16, 15, 14, 13, 12, 11, 10, 20, 30, 40, 50, 60, 70, 80, 90]
74:[75, 76, 77, 67, 57, 47, 37]
75:[54, 53, 43, 33, 23, 13]
76:[44, 43]
77:[86, 85, 75, 65, 55, 45, 35, 25, 15, 5]
78:[70, 71, 72, 73, 74, 64, 54, 44, 34]
79:[45, 55]
80:[73, 83, 93, 94, 95, 96, 97]
81:[44, 45, 46, 36, 26, 16]
82:[50, 60, 70, 80, 81, 82, 83, 84, 85]
83:[16, 15, 14, 13, 12, 11, 10, 20, 30, 40, 50, 60]
84:[72, 73, 63, 53, 43]
85:[83, 82, 81, 71, 61, 51, 41, 31, 21]
86:[86, 85, 75, 65, 55, 45, 35, 25]
87:[61, 71, 81, 91, 92, 93]
88:[93, 92, 82, 72, 62, 52, 42, 32, 22, 12, 2]
89:[96, 95, 94, 93, 92, 91, 90, 80, 70, 60, 50]
90:[87, 86, 76, 66]
91:[81, 82, 83, 84, 74, 64, 54, 44, 34, 24, 14, 4]
92:[14, 13, 12, 22, 32, 42, 52, 62]
93:[68, 67, 66, 65, 64, 54]
94:[76, 75, 74, 73, 83]
95:[10, 20, 30, 40, 50, 60, 70, 80, 90, 91, 92]
96:[80, 81, 71, 61]
97:[77, 78, 68, 58, 48]
98:[8, 7, 6, 16, 26, 36, 46, 56, 66, 76, 86, 96]
99:[60, 70, 71, 72, 73, 74, 75]
100:[30, 40, 50, 60, 70, 71, 72, 73]
101:[85, 84, 83, 82, 81, 71, 61, 51, 41, 31]
102:[54, 53, 52, 42, 32, 22]
103:[42, 52, 62, 72, 82, 83, 84, 85, 86, 87, 88, 89]
104:[92, 93, 94, 95, 85, 75]
105:[49, 48, 47, 46, 45, 44, 43, 53, 63, 73]
106:[15, 25, 35, 45, 55, 65, 75, 85, 95, 96, 97, 98, 99]
107:[7, 6, 5, 15]
108:[68, 67, 66, 65, 64, 63, 62, 61, 60, 70, 80]
109:[15, 16, 17, 18, 19, 9]
110:[38, 37, 36, 35, 34, 33, 32, 42, 52]
111:[93, 92, 91, 90, 80, 70, 60, 50]
112:[89, 88]
113:[19, 18, 28, 38, 48, 58, 68, 78]
114:[17, 16, 15, 14, 13, 12, 11, 10, 20, 30, 40, 50, 60]
115:[62, 72, 82, 92, 93, 94]
116:[44, 54, 55, 56, 57]
117:[72, 73, 74, 75, 76, 77, 78, 79, 69, 59, 49, 39, 29, 19]
118:[61, 62, 63, 64, 65, 66, 56, 46, 36, 26]
119:[76, 75, 74, 73, 72, 62, 52, 42, 32, 22]
120:[43, 53, 63, 73, 74, 75, 76, 77, 78, 79]
121:[57, 47, 37]
122:[25, 24, 23, 22, 21, 20, 30, 40]
123:[96, 86, 76, 66, 56, 46, 36]
124:[22, 12]
125:[88, 89, 79, 69, 59]
126:[35, 34, 33, 32, 31, 41, 51, 61, 71, 81]
127:[2, 1, 0, 10]
128:[42, 52, 62, 72, 82, 92, 93, 94, 95, 96, 97, 98, 99]
129:[80, 81, 82, 83, 84, 85, 86, 76, 66, 56]
130:[32, 42, 52, 62, 72, 73, 74, 75]
131:[76, 75, 74, 73, 63, 53, 43, 33]
132:[13, 12, 11, 10, 20, 30, 40, 50, 60, 70]
133:[34, 35, 36, 26, 16]
134:[7, 17, 27, 37, 38, 39]
135:[14, 13, 12, 22, 32]
136:[12, 22, 32, 42, 52, 62, 63, 64, 65, 66]
137:[80, 70, 60, 50, 40, 30]
138:[54, 64, 74, 84, 85, 86, 87]
139:[9, 8, 7, 6, 5, 4, 3]
140:[70, 71, 72, 62]
141:[52, 51, 41, 31, 21]
142:[94, 95, 85, 75, 65, 55, 45, 35, 25, 15, 5]
143:[71, 72, 62]
144:[13, 12]
145:[19, 18, 17, 16, 15, 14, 13, 12, 11, 10, 20, 30, 40, 50]
146:[66, 65, 64, 63, 62, 61]
147:[99, 98, 97, 96, 86, 76]
148:[17, 16, 15, 14, 13, 23, 33, 43]
149:[14, 24, 25, 26, 27, 28, 29]
150:[65, 64, 63, 62, 61, 51]
151:[42, 52, 62, 63, 64, 65]
152:[49, 48, 47, 46, 45, 44, 43, 53, 63]
153:[86, 85, 84, 83, 82, 81, 71, 61, 51, 41, 31, 21]
154:[94, 84, 74, 64, 54, 44, 34, 24, 14, 4]
155:[30, 40, 50, 51, 52, 53]
156:[60, 70, 80, 90, 91, 92, 93, 94, 95]
157:[7, 6, 5, 4, 3, 2, 1, 11, 21, 31, 41, 51, 61, 71, 81, 91]
158:[98, 97, 96, 86, 76, 66, 56, 46, 36, 26, 16, 6]
159:[62, 72, 82, 92, 93, 94]
160:[56, 57, 58, 59, 49, 39, 29]
161:[17, 27, 37, 47]
162:[32, 33, 34, 35, 36, 37, 38, 28]
163:[34, 44, 54, 64, 74, 75, 76]
164:[56, 57, 47, 37, 27]
165:[23, 33, 43, 53]
166:[7, 17, 27, 37, 47, 57]
167:[63, 64, 65, 55]
168:[38, 37, 36, 35, 34, 33, 32, 31, 21, 11]
169:[59, 58, 57, 56, 55, 54, 53, 52, 62, 72]
170:[26, 25, 24, 23, 33, 43, 53, 63, 73, 83, 93]
171:[33, 32, 31, 30, 20, 10, 0]
172:[66, 65, 64, 63, 53]
173:[77, 78, 79, 69, 59, 49, 39, 29]
174:[25, 24, 34]
175:[71, 81, 91, 92, 93]
176:[67, 68, 58, 48, 38, 28, 18]
177:[74, 75, 76, 77, 78, 79, 69, 59, 49, 39]
178:[54, 55, 56, 57]
179:[87, 88, 89, 79, 69, 59, 49, 39]
180:[12, 13, 14, 15, 16]
181:[92, 93, 94, 95, 85, 75]
182:[81, 82, 83, 73, 63, 53, 43]
183:[39, 38, 37, 36, 35, 45, 55, 65, 75, 85, 95]
184:[2, 12, 22, 32, 33, 34, 35, 36, 37]
185:[0, 10, 20, 30, 40, 50, 60, 70, 80]
186:[5, 4, 3, 2, 1, 0]
187:[28, 27, 26, 25, 24, 23, 22, 21, 31, 41, 51, 61]
188:[19, 18, 17, 27]
189:[55, 65, 66]
190:[8, 7, 6, 5, 4, 3, 2, 1, 11, 21, 31, 41, 51, 61]
191:[50, 60, 61]
192:[39, 38, 37, 47, 57]
193:[73, 74, 75, 65, 55, 45, 35]
194:[8, 7, 6, 5, 4, 3, 13, 23, 33, 43, 53, 63, 73]
195:[57, 56, 55, 54, 53, 43, 33, 23]
196:[62, 63, 64, 65, 55, 45, 35, 25, 15]
197:[74, 73, 83]
198:[1, 11, 21, 31, 41, 51, 52, 53]
199:[92, 93, 94, 95, 96, 97, 87, 77, 67, 57, 47, 37, 27, 17, 7]
200:[45, 35, 25, 15, 5]
201:[59, 58, 57, 56, 55, 54, 53, 52, 42, 32]
202:[98, 97, 96, 86]
203:[64, 65, 66, 67, 57, 47, 37, 27, 17, 7]
204:[22, 21, 20, 30, 40, 50, 60]
205:[59, 58, 57, 56, 55, 54, 53, 43]
206:[61, 62, 63, 64, 65, 66, 67, 68, 69]
207:[8, 7, 6, 5, 4, 3, 13, 23]
208:[39, 38, 37, 27, 17, 7]
209:[66, 76, 86, 96, 97, 98]
210:[95, 94, 93]
211:[16, 15, 25, 35, 45, 55]
212:[11, 12, 13, 14, 15, 16, 17, 18, 8]
213:[29, 28, 27, 26, 25, 24, 23, 22, 21, 31]
214:[75, 74, 73, 72, 62, 52, 42, 32, 22, 12]
215:[21, 22, 23, 24, 25, 26, 27, 28, 29]
216:[54, 53, 52, 62, 72, 82]
217:[55, 65, 66, 67]
218:[41, 42, 43]
219:[65, 64, 54, 44, 34, 24]
220:[46, 47, 48, 38, 28]
221:[87, 86, 85, 75, 65, 55, 45, 35, 25, 15, 5]
222:[0, 10, 20, 30, 40, 50, 60, 70, 80, 90, 91, 92, 93, 94, 95, 96, 97, 98, 99]
223:[91, 92, 93, 94, 95, 96, 97, 98, 88, 78]
224:[9, 8, 7, 6, 16, 26, 36, 46, 56, 66, 76, 86, 96]
225:[48, 47, 46, 45, 44, 43]
226:[57, 56, 55, 54, 53, 52, 51, 50, 60, 70, 80, 90]
227:[8, 18, 28, 38, 48, 58, 68, 69]
228:[90, 91, 92, 93, 94, 95, 96, 97, 98, 99, 89, 79, 69, 59, 49, 39]
229:[70, 60, 50, 40, 30, 20, 10]
230:[81, 82, 83, 84, 85, 86, 76, 66, 56]
231:[64, 65, 66, 67, 68, 58]
232:[74, 73]
233:[36, 35, 34, 44, 54, 64, 74]
234:[25, 35, 45, 55, 65]
235:[10, 11, 1]
236:[95, 96, 86, 76]
237:[18, 17, 16, 15]
238:[81, 82, 83, 84, 85, 86, 87, 88]
239:[11, 12, 13, 14, 15, 16]
240:[46, 45, 44, 43, 42]
241:[75, 74, 73, 72, 71, 61, 51, 41, 31, 21]
242:[8, 18, 28, 38, 48, 58, 68, 78]
243:[46, 45, 44, 43, 42]
244:[57, 56, 55, 45, 35]
245:[14, 13, 23, 33, 43]
246:[4, 14, 24, 34, 35, 36, 37, 38]
247:[45, 44, 43, 42, 32]
248:[10, 20, 30, 40, 50, 51, 52, 53, 54, 55, 56, 57, 58, 59]
249:[42, 32]
250:[57, 56, 55, 54, 64]
251:[91, 92, 93, 94, 95, 96, 97, 87, 77, 67, 57, 47]
252:[28, 27, 26, 36, 46, 56, 66, 76]
253:[17, 16, 15, 14, 13, 12, 11, 21, 31, 41, 51, 61]
254:[7, 6]
255:[67, 68, 58, 48, 38, 28, 18]
256:[40, 41, 42, 43, 44, 45, 35, 25]
257:[77, 76, 75, 74, 73, 72, 71, 81]
258:[61, 62, 63, 64, 65, 66, 67, 68, 69, 59, 49, 39, 29, 19, 9]
259:[95, 96, 97, 98, 99, 89, 79, 69, 59, 49, 39]
260:[41, 42, 32, 22, 12]
261:[6, 16, 26, 36, 46, 56, 66, 67]
262:[32, 42, 52, 62, 72, 73]
263:[64, 74, 84, 94, 95, 96]
264:[51, 52, 53, 54, 55, 56, 57, 58, 59, 49, 39]
265:[56, 55, 54, 53, 52, 51, 61, 71]
266:[5, 4, 3, 13, 23, 33, 43]
267:[76, 66, 56, 46, 36, 26, 16]
268:[93, 94, 95, 96, 97, 98, 99, 89, 79, 69, 59, 49]
269:[84, 85, 86, 87, 77]
270:[35, 45, 55, 65, 66, 67, 68, 69]
271:[42, 43, 44, 45, 46, 36, 26, 16]
272:[26, 25, 24, 23, 22, 21, 20, 30, 40]
273:[32, 33, 34]
274:[24, 25, 26, 27, 28, 18]
275:[49, 48, 47, 46, 45, 44, 54]
276:[10, 20, 30, 40, 50, 51, 52, 53, 54, 55, 56, 57]
277:[59, 58, 48]
278:[4, 5, 6, 7, 8]
279:[12, 22, 23, 24, 25, 26, 27]
280:[84, 83, 82, 81, 80, 70, 60, 50, 40, 30, 20]
281:[12, 22, 32, 42, 52, 62, 72, 82, 92, 93, 94, 95, 96, 97, 98]
282:[72, 71]
283:[68, 67, 66, 65, 64, 63, 62]
284:[33, 43, 44, 45, 46]
285:[82, 83, 84, 85, 86, 87, 88, 89, 79]
286:[65, 66, 56, 46, 36]
287:[49, 48, 47, 46, 45, 44, 43, 42, 41]
288:[54, 53, 52, 51, 50, 40, 30, 20, 10]
289:[18, 17, 16, 15, 14, 13, 12, 2]
290:[34, 44, 54, 64]
291:[73, 83, 84, 85]
292:[82, 81, 71, 61, 51, 41, 31, 21]
293:[93, 92, 91, 90, 80, 70, 60]
294:[75, 74, 73, 63, 53, 43, 33, 23, 13, 3]
295:[57, 56, 66, 76, 86, 96]
296:[71, 72, 73, 74, 75, 76, 66, 56, 46]
297:[71, 81, 82, 83, 84, 85, 86]
298:[55, 54, 53, 52, 62]
299:[8, 7, 6, 5, 4, 3, 13, 23]
300:[56, 55, 54, 53, 52, 51, 50]
301:[56, 57, 58, 59, 49, 39, 29]
302:[86, 87, 88, 78, 68]
303:[36, 35, 34, 44, 54, 64, 74, 84]
304:[3, 13, 23]
305:[8, 7, 6, 16, 26, 36]
306:[25, 35, 45, 55, 65, 75, 85, 86, 87, 88]
307:[49, 48, 58, 68, 78, 88]
308:[95, 94, 93, 83, 73, 63]
309:[96, 97, 87, 77, 67, 57, 47, 37, 27]
310:[75, 76, 77, 78, 79]
311:[19, 18, 8]
312:[16, 15, 14, 13, 12]
313:[3, 13, 23, 33, 43, 53, 63, 73, 83, 93, 94, 95, 96, 97]
314:[3, 13, 23, 24, 25, 26, 27]
315:[94, 95, 96, 86, 76, 66, 56]
316:[93, 94, 95, 96, 97, 87, 77, 67]
317:[53, 63, 73, 83, 84, 85]
318:[99, 98, 97, 96, 95, 94, 84, 74, 64, 54, 44]
319:[25, 35, 45, 55, 65, 75, 85, 95, 96, 97, 98, 99]
320:[11, 21, 31, 41, 51, 52, 53, 54, 55, 56, 57]
321:[74, 73, 72, 62, 52, 42, 32, 22, 12, 2]
322:[16, 15, 14, 13, 12, 11, 1]
323:[71, 61, 51, 41]
324:[75, 74, 73, 72, 71, 70, 60, 50, 40]
325:[97, 96, 95, 94, 93, 83, 73, 63, 53, 43]
326:[25, 24, 23, 22, 21, 20, 30, 40, 50]
327:[62, 63, 64, 65, 55, 45, 35, 25, 15, 5]
328:[7, 6, 5, 4, 3, 2, 12, 22, 32, 42, 52, 62]
329:[77, 76, 75, 74, 73, 72, 71, 70, 60, 50, 40]
330:[71, 72, 73, 74, 75, 76, 77, 67, 57, 47, 37, 27]
331:[97, 98, 88]
332:[32, 42, 43, 44, 45, 46]
333:[74, 73, 72, 82, 92]
334:[26, 25, 24, 23, 22, 21, 31, 41, 51, 61, 71, 81, 91]
335:[26, 25, 24, 23, 22, 21, 20, 30, 40, 50, 60]
336:[82, 83, 84, 85, 86]
337:[41, 40, 30, 20, 10, 0]
338:[94, 95, 96, 86, 76, 66, 56]
339:[55, 54, 53]
340:[0, 10, 20, 30, 40, 50, 51, 52, 53]
341:[74, 75, 76, 66, 56, 46]
342:[74, 73, 83]
343:[73, 83, 93]
344:[43, 53, 63, 64]
345:[92, 93, 94, 95, 96, 97, 98, 99, 89, 79, 69, 59, 49, 39, 29, 19]
346:[94, 95, 96, 97, 87, 77, 67]
347:[4, 5, 6]
348:[8, 18, 28, 38, 48, 58, 68, 69]
349:[36, 35, 34, 33, 32, 42, 52]
350:[86, 85, 84, 83, 82, 72, 62, 52, 42, 32, 22, 12]
351:[27, 26, 25, 35, 45]
352:[14, 13, 12, 22, 32, 42, 52, 62, 72]
353:[9, 8, 7, 6, 5, 4, 3, 2, 12, 22]
354:[9, 19, 29, 39, 49]
355:[10, 20, 30, 40, 50, 60, 70, 80, 81, 82, 83, 84]
356:[83, 84, 85, 86, 87, 88, 89, 79, 69, 59, 49, 39, 29]
357:[67, 66, 65, 55, 45, 35]
358:[25, 26, 16]
359:[83, 84, 85, 86, 87, 88, 78, 68, 58, 48, 38, 28]
360:[99, 98, 97, 96, 95, 94, 93, 83, 73, 63, 53]
361:[95, 94, 93, 92, 82, 72, 62, 52]
362:[38, 48, 58, 68]
363:[30, 40, 41, 42, 43, 44]
364:[50, 51, 52, 53, 54, 55, 56]
365:[75, 74, 64, 54, 44, 34, 24, 14]
366:[67, 66, 65, 64, 63, 62]
367:[20, 21, 22, 23, 13, 3]
368:[41, 51, 52, 53, 54, 55, 56, 57, 58, 59]
369:[26, 25, 24, 23, 22, 21, 20]
370:[73, 72, 71, 61, 51, 41, 31, 21, 11]
371:[65, 66, 67, 68, 58, 48, 38]
372:[59, 58, 57, 56, 55, 54, 53, 63]
373:[68, 67, 66, 65, 64, 63]
374:[11, 21, 31, 41, 51, 61, 71, 72, 73, 74, 75, 76, 77, 78, 79]
375:[78, 68]
376:[17, 27, 37, 47, 57]
377:[79, 78, 68, 58, 48, 38]
378:[36, 46, 56, 57, 58, 59]
379:[96, 95, 94, 93, 92, 82, 72, 62, 52, 42, 32]
380:[68, 67, 77]
381:[36, 46, 56, 57, 58, 59]
382:[85, 84, 83, 82, 81, 71, 61, 51, 41, 31]
383:[36, 35]
384:[4, 14, 24, 34, 44, 45]
385:[49, 48, 47, 46, 45, 55, 65, 75, 85]
386:[34, 33, 32, 22, 12]
387:[23, 22, 32, 42, 52, 62, 72, 82, 92]
388:[90, 91, 81, 71, 61, 51, 41, 31, 21]
389:[41, 42, 43, 44, 45, 46, 47, 48]
390:[68, 67, 66, 65, 64, 54, 44, 34, 24, 14]
391:[56, 55, 54, 53, 52, 51, 50, 60, 70, 80]
392:[87, 86, 85, 84, 83, 82, 81, 91]
393:[81, 82, 83, 84, 85, 86, 87, 88, 78, 68, 58, 48]
394:[30, 40, 41, 42, 43, 44, 45, 46]
395:[62, 63, 64, 65, 66, 67, 68, 69, 59, 49, 39, 29, 19, 9]
396:[78, 77, 76, 75, 74, 73, 72, 62, 52, 42, 32]
397:[15, 25, 35, 45, 55, 65, 75, 85, 86]
398:[61, 71, 72, 73, 74, 75, 76, 77]
399:[58, 57, 56, 55, 54, 53, 52, 51, 61, 71]
400:[10, 20, 30, 40, 50, 60, 70, 71, 72]
401:[58, 59, 49]
402:[60, 70, 80, 90, 91]
403:[96, 97, 98, 99, 89, 79, 69, 59, 49]
404:[92, 93, 94, 84, 74, 64, 54, 44, 34, 24, 14]
405:[23, 24, 25, 15, 5]
406:[30, 31, 32, 33, 34, 35, 36, 26, 16]
407:[71, 81, 91, 92, 93, 94, 95, 96, 97, 98]
408:[51, 50, 60, 70, 80, 90]
409:[0, 10, 11, 12, 13, 14, 15, 16]
410:[14, 15, 16, 17, 18, 19, 9]
411:[41, 51, 52, 53, 54, 55, 56]
412:[97, 96, 95, 94, 84, 74, 64, 54, 44, 34]
413:[64, 63, 62, 61]
414:[47, 46, 45, 44, 43, 42, 32, 22, 12]
415:[86, 85, 84, 83, 82, 81, 80, 70, 60, 50, 40]
416:[42, 43, 44, 34, 24]
417:[52, 62, 72, 82]
418:[70, 71, 72, 73, 74, 64, 54, 44]
419:[39, 38, 37, 36, 35, 34, 44]
420:[59, 58, 48, 38]
421:[11, 21, 31, 41, 51, 61, 71, 72]
422:[32, 42, 52, 62, 72, 73, 74, 75, 76]
423:[96, 97, 98, 99, 89, 79, 69, 59, 49, 39]
424:[72, 73, 74, 64, 54, 44, 34, 24, 14, 4]
425:[83, 84, 85, 86, 87, 77, 67, 57, 47, 37, 27, 17, 7]
426:[80, 81, 82, 72, 62, 52]
427:[87, 86, 85, 84, 83, 82, 81, 80]
428:[78, 77, 76, 75, 65, 55, 45, 35, 25, 15]
429:[6, 5, 4, 3, 2, 1, 0, 10]
430:[77, 76, 75, 74, 73, 72, 82]
431:[65, 64, 63, 62, 72, 82, 92]
432:[72, 71, 61, 51]
433:[14, 24, 34, 44, 54, 64, 74, 84, 85]
434:[2, 12, 22, 32, 42, 52, 62, 72, 73, 74, 75, 76, 77]
435:[52, 51, 41]
436:[27, 37, 47, 57, 67, 77, 78]
437:[21, 22, 23, 24, 14]
438:[99, 98, 97, 87, 77, 67, 57, 47, 37, 27, 17, 7]
439:[98, 97, 96, 86, 76, 66, 56, 46, 36]
440:[54, 53, 52, 51, 50, 60, 70, 80]
441:[44, 43, 42, 52, 62, 72]
442:[85, 95, 96, 97, 98, 99]
443:[40, 41, 31]
444:[53, 52, 51, 61, 71]
445:[53, 54, 55, 56, 46, 36, 26, 16, 6]
446:[88, 87, 77, 67, 57, 47, 37, 27]
447:[65, 75, 76, 77]
448:[43, 53, 54, 55]
449:[22, 32, 42, 52, 62, 72, 82, 92, 93, 94, 95]
450:[74, 84, 94, 95, 96, 97]
451:[85, 86, 76, 66, 56, 46, 36, 26, 16, 6]
452:[8, 7, 6, 5, 4, 3, 13, 23, 33, 43, 53, 63, 73, 83]
453:[65, 64, 63, 53, 43, 33]
454:[5, 4, 3, 13, 23, 33, 43, 53, 63, 73, 83, 93]
455:[77, 76, 75, 74, 73, 63, 53]
456:[59, 58, 57, 67, 77]
457:[19, 18, 17, 27]
458:[6, 16, 26, 36, 46, 56, 66, 76, 77]
459:[50, 60, 70, 71, 72, 73, 74, 75, 76, 77]
460:[4, 14, 24, 34, 44, 45]
461:[70, 71, 72, 73, 74, 75, 65, 55, 45, 35, 25, 15]
462:[80, 70, 60, 50, 40, 30, 20]
463:[64, 63, 62, 52, 42, 32, 22, 12]
464:[45, 44, 43, 33]
465:[44, 45, 46, 36, 26]
466:[4, 3, 2, 1, 11, 21, 31, 41]
467:[8, 7, 6, 5, 4, 3, 13, 23]
468:[94, 93, 92, 91, 90, 80, 70, 60, 50, 40, 30, 20]
469:[28, 27, 26, 25, 15]
470:[80, 81, 82, 83, 84, 85, 86, 76, 66, 56, 46, 36]
471:[66, 65, 64, 63, 62, 61, 51, 41, 31, 21, 11, 1]
472:[68, 67, 66, 65, 64, 63, 62, 61, 51, 41, 31, 21, 11]
473:[29, 28, 27, 26, 25, 24, 23, 22, 32, 42, 52, 62, 72]
474:[8, 7, 17, 27, 37, 47, 57]
475:[35, 34, 33, 43, 53, 63, 73, 83]
476:[42, 52, 62, 72, 73, 74, 75, 76, 77, 78, 79]
477:[10, 20, 30, 40, 50, 60, 61, 62, 63, 64]
478:[1, 11, 21, 22, 23, 24]
479:[45, 46, 47, 48, 38]
480:[31, 41, 51, 61, 62, 63, 64, 65, 66, 67, 68]
481:[8, 7, 6, 5, 4, 3, 2, 12, 22, 32, 42, 52, 62, 72, 82]
482:[55, 54, 44, 34, 24]
483:[37, 36, 35, 34, 33, 32, 31, 21, 11]
484:[50, 60, 61, 62, 63, 64, 65]
485:[79, 78, 77, 76, 75, 65]
486:[89, 88, 87, 86, 85, 84, 83, 82, 81, 71, 61, 51, 41]
487:[37, 36, 35, 34, 33, 43, 53, 63, 73, 83, 93]
488:[28, 27, 26, 25, 24, 23, 33]
489:[53, 52]
490:[12, 13, 14, 15, 16, 17]
491:[52, 53, 54, 55, 56, 57, 58, 59, 49]
492:[39, 38, 37, 36, 35, 34, 33, 32, 22, 12]
493:[20, 21, 22, 23, 24, 14, 4]
494:[5, 4, 3, 2, 1, 0, 10, 20, 30]
495:[40, 41, 42, 32, 22]
496:[17, 16, 15, 14, 13, 12, 11, 21, 31, 41, 51]
497:[97, 96, 95, 94, 93, 92, 91, 90]
498:[89, 88, 87, 77, 67]
499:[47, 57, 67, 77]
