0:[61, 62, 63, 64, 65, 66, 56, 46]
1:[5, 4, 14, 24]
2:[86, 87, 77, 67, 57, 47, 37, 27]
3:[87, 86, 85, 84, 83, 73, 63, 53, 43]
4:[54, 53, 63]
5:[3, 2, 1]
6:[43, 53, 63, 73, 83, 93, 94]
7:[26, 25]
8:[27, 37]
9:[37, 36, 35, 34, 33, 32, 31, 30, 40, 50, 60, 70, 80, 90]
10:[40, 50, 60]
11:[80, 81, 82, 72, 62, 52, 42]
12:[17, 27, 37, 38]
13:[77, 76, 66, 56, 46, 36, 26, 16, 6]
14:[66, 65, 64, 63, 53, 43, 33, 23, 13]
15:[53, 52, 51, 41, 31, 21, 11, 1]
16:[47, 37, 27, 17, 7]
17:[85, 84, 83, 82, 72, 62]
18:[24, 23, 22, 21, 31, 41, 51, 61, 71, 81, 91]
19:[83, 84, 85, 75, 65, 55, 45, 35, 25, 15]
20:[94, 95, 96, 97, 98]
21:[3, 13, 23, 33, 43, 53, 63, 73, 83, 93]
22:[90, 91, 81, 71, 61, 51, 41, 31, 21, 11]
23:[22, 32, 33]
24:[6, 5, 4, 3, 2, 12, 22, 32]
25:[28, 27, 26, 25, 24, 23, 22, 21, 20, 10, 0]
26:[35, 36]
27:[36, 35, 34, 33, 43]
28:[55, 56, 46, 36, 26, 16, 6]
29:[33, 34, 35, 36, 37, 27, 17, 7]
30:[58, 68]
31:[85, 84, 83, 82, 72, 62, 52]
32:[79, 78, 77, 76, 86, 96]
33:[3, 13, 23, 33, 43, 53, 63, 73]
34:[99, 89, 79, 69, 59]
35:[46, 45, 55, 65, 75, 85]
36:[57, 56, 55, 54, 53, 52, 51, 50, 60, 70]
37:[6, 5, 4, 3, 2, 12, 22, 32, 42]
38:[90, 91, 92, 93, 94, 95, 96, 97, 98, 88, 78, 68, 58]
39:[18, 28, 38]
40:[46, 47, 48, 49, 39]
41:[36, 46, 56, 66, 76, 86, 96, 97, 98, 99]
42:[42, 43, 44, 45, 46, 47, 48, 38]
43:[68, 67, 66, 56, 46, 36, 26]
44:[90, 91, 92, 93, 94, 95, 96, 97, 87, 77, 67, 57, 47, 37, 27, 17]
45:[40, 50, 60, 70, 80, 81, 82, 83, 84, 85, 86, 87]
46:[25, 24, 23, 22, 21, 20, 30, 40, 50, 60]
47:[17, 18, 8]
48:[63, 73, 83, 84]
49:[79, 78, 68]
50:[93, 94, 84, 74, 64]
51:[48, 47, 46, 45, 44, 43, 33, 23, 13, 3]
52:[12, 22, 32, 42, 52, 62, 63, 64, 65, 66]
53:[80, 81, 82, 83, 84, 85, 86, 87, 77]
54:[55, 54, 64, 74, 84]
55:[84, 83, 82, 81, 71, 61, 51]
56:[27, 26, 25, 35, 45, 55, 65]
57:[58, 57, 56, 55]
58:[28, 38, 48, 58]
59:[10, 11, 1]
60:[8, 7, 6, 5, 4, 3, 2, 1, 11, 21, 31, 41, 51]
61:[80, 81, 82, 83, 84, 85, 86, 87, 77]
62:[63, 64, 65]
63:[55, 65, 66]
64:[89, 88, 87, 86, 85, 84, 83, 73, 63, 53, 43, 33, 23]
65:[77, 76, 75, 74, 64, 54, 44, 34, 24]
66:[6, 16, 26, 36, 46, 56, 66, 67, 68]
67:[96, 97, 87, 77]
68:[68, 67, 66, 65, 64, 63, 53, 43]
69:[29, 28, 27, 26, 36, 46, 56]
70:[38, 37, 36, 35, 34, 33, 23, 13]
71:[1, 11, 21, 31, 41, 51, 61, 71, 81, 91, 92, 93, 94, 95]
72:[82, 72, 62, 52, 42, 32, 22]
73:[18, 17, 16, 15, 14, 13, 12, 11, 10, 20, 30, 40, 50, 60, 70, 80, 90]
74:[75, 76, 77, 67, 57, 47, 37]
75:[54, 53, 43, 33, 23, 13]
76:[44, 43]
77:[86, 85, 75, 65, 55, 45, 35, 25, 15, 5]
78:[70, 71, 72, 73, 74, 64, 54, 44, 34]
79:[45, 55]
80:[73, 83, 93, 94, 95, 96, 97]
81:[44, 45, 46, 36, 26, 16]
82:[50, 60, 70, 80, 81, 82, 83, 84, 85]
83:[16, 15, 14, 13, 12, 11, 10, 20, 30, 40, 50, 60]
84:[72, 73, 63, 53, 43]
85:[83, 82, 81, 71, 61, 51, 41, 31, 21]
86:[86, 85, 75, 65, 55, 45, 35, 25]
87:[61, 71, 81, 91, 92, 93]
88:[93, 92, 82, 72, 62, 52, 42, 32, 22, 12, 2]
89:[96, 95, 94, 93, 92, 91, 90, 80, 70, 60, 50]
90:[87, 86, 76, 66]
91:[81, 82, 83, 84, 74, 64, 54, 44, 34, 24, 14, 4]
92:[14, 13, 12, 22, 32, 42, 52, 62]
93:[68, 67, 66, 65, 64, 54]
94:[76, 75, 74, 73, 83]
95:[10, 20, 30, 40, 50, 60, 70, 80, 90, 91, 92]
96:[80, 81, 71, 61]
97:[77, 78, 68, 58, 48]
98:[8, 7, 6, 16, 26, 36, 46, 56, 66, 76, 86, 96]
99:[60, 70, 71, 72, 73, 74, 75]
