0 2 5
0 3 6
0 5 10
0 12 8
0 15 6
0 21 6
0 23 10
0 37 8
0 46 5
0 47 5
0 76 10
1 2 5
1 8 8
1 70 10
1 96 5
2 3 5
2 4 10
2 10 8
2 15 10
2 18 5
2 23 10
2 25 6
2 26 6
2 27 7
2 36 10
2 40 8
2 45 5
2 59 7
2 66 8
2 69 6
2 71 5
2 94 6
3 4 7
3 5 7
3 6 6
3 7 7
3 10 7
3 13 6
3 19 8
3 21 5
3 32 6
3 33 7
3 39 5
3 44 10
3 73 10
3 77 10
3 85 7
3 99 8
4 14 9
4 19 9
4 29 10
4 31 8
4 36 10
4 38 8
4 67 9
4 88 5
4 89 5
5 6 9
5 7 5
5 16 8
5 18 7
5 20 7
5 24 10
5 32 9
5 43 8
5 84 9
6 8 7
6 11 5
6 12 7
6 22 6
6 29 10
6 30 8
6 34 10
6 39 10
6 41 9
6 48 6
6 49 7
6 75 6
6 88 7
6 89 7
7 9 7
7 11 7
7 33 5
7 57 7
7 60 7
7 68 10
7 79 5
7 95 9
7 96 6
8 9 7
8 13 10
8 14 6
8 17 9
8 38 7
8 49 10
8 63 7
8 74 5
8 98 5
9 17 6
9 61 8
9 84 10
10 20 8
10 60 6
11 57 5
11 75 10
12 16 9
12 42 8
12 56 10
13 64 7
15 22 9
15 24 9
15 25 9
15 28 10
15 30 9
15 34 9
15 53 8
15 55 5
15 72 6
15 87 5
15 97 9
18 47 9
18 61 10
18 63 9
18 85 5
19 94 8
20 65 10
21 70 9
21 76 10
21 80 8
23 27 5
23 74 6
25 26 9
25 28 6
25 46 8
25 52 8
25 67 7
26 31 6
26 52 8
26 80 6
27 35 5
27 41 5
27 51 8
27 87 5
28 68 8
29 37 8
29 44 10
29 81 9
30 35 6
31 40 8
31 50 9
31 59 8
31 91 8
33 50 9
33 54 9
33 55 10
33 82 6
35 93 8
36 42 9
36 53 6
36 54 9
36 71 5
37 72 9
37 90 7
38 66 9
39 69 8
39 90 9
41 43 7
41 56 10
41 77 10
42 48 6
42 62 6
42 91 8
42 93 8
43 45 7
43 82 5
43 86 6
44 51 5
44 92 10
45 58 10
46 62 5
47 58 10
48 78 6
53 73 6
55 64 6
55 98 10
56 83 10
60 79 5
63 65 9
63 78 7
65 81 10
65 83 5
68 97 8
74 86 5
74 95 6
82 92 7
98 99 7
