0:[49, 8, 74, 86]
1:[57, 7, 3, 21, 70]
2:[70, 1, 2, 45]
3:[35, 27, 2, 3, 73]
4:[44, 3, 5, 16]
5:[50, 33, 3, 85]
6:[16, 5, 7, 60]
7:[72, 37, 0, 5, 43]
8:[83, 56, 12, 0, 21]
9:[86, 74, 23, 2, 25]
10:[61, 18, 2, 27, 35, 93]
11:[93, 42, 36, 2]
12:[96, 7, 33, 50]
13:[87, 27, 2, 66]
14:[81, 29, 4]
15:[14, 4, 36, 42, 62]
16:[68, 7, 33, 54]
17:[76, 0, 12, 56, 83]
18:[10, 3, 44, 92]
19:[80, 26, 2, 18, 61]
20:[77, 41, 6, 48]
21:[8, 1, 96]
22:[60, 7, 11, 75]
23:[30, 6, 3, 73]
24:[85, 3, 4, 31]
25:[54, 33, 3, 6, 22]
26:[42, 12, 6, 89]
27:[92, 44, 3, 6, 75]
28:[49, 6, 3, 73]
29:[15, 0, 3, 99]
30:[7, 3, 0, 15]
31:[68, 28, 25, 26, 80]
32:[15, 0, 3, 7, 9]
33:[38, 4, 2, 25, 52]
34:[93, 42, 91, 31, 50]
35:[89, 4, 88]
36:[19, 3, 6, 48, 78]
37:[17, 9, 7, 60]
38:[62, 42, 36, 2, 94]
39:[44, 3, 7, 57]
40:[72, 37, 0, 3, 19]
41:[61, 18, 2, 26]
42:[76, 0, 15, 22]
43:[43, 5, 7, 79]
44:[57, 11, 6, 29, 37]
45:[25, 2, 40]
46:[96, 1, 2, 36]
47:[22, 6, 12]
48:[88, 4, 2, 59]
49:[35, 30, 6, 29, 81]
50:[2, 10]
51:[42, 12, 0, 3, 99]
52:[80, 21, 0, 12, 56]
53:[32, 3, 6, 75]
54:[76, 0, 3, 33]
55:[13, 8, 1, 70]
56:[34, 6, 5, 16]
57:[7, 3, 39]
58:[14, 4, 3, 32]
59:[12, 0, 2, 66]
60:[80, 26, 25, 15, 30]
61:[54, 33, 55, 15, 87]
62:[9, 7, 3]
63:[70, 21, 0, 46, 62]
64:[52, 26, 80, 21]
65:[94, 2, 0, 5]
66:[71, 36, 42, 62]
67:[13, 8, 6, 12]
68:[19, 3, 33, 50]
69:[66, 2, 18, 61]
70:[99, 3, 0, 76]
71:[17, 8, 6, 5, 43]
72:[14, 4, 29]
73:[65, 81, 29, 44, 51]
74:[42, 12, 56, 83, 65]
75:[49, 8, 63]
76:[86, 74, 23, 0, 21]
77:[94, 2, 4]
78:[30, 15, 53]
79:[60, 7, 95]
80:[7, 3, 4, 31, 91]
81:[98, 8, 6]
82:[62, 42, 36, 2, 94]
83:[56, 41, 6, 29]
84:[17, 8, 63, 18, 47]
85:[32, 3, 0, 15, 28]
86:[34, 15, 0, 76]
87:[56, 41, 27]
88:[23, 0, 15, 53]
89:[7, 57]
90:[63, 8, 98, 55]
91:[38, 8, 6, 11]
92:[59, 2, 15, 72]
93:[26, 2, 27, 35, 93]
94:[33, 3, 0]
95:[66, 2, 15, 53]
96:[77, 41, 6, 29]
97:[25, 15, 34]
98:[71, 36, 42, 93]
99:[67, 25, 2, 18]
