0:[49, 8, 74, 86]
1:[57, 7, 3, 21, 70]
2:[70, 1, 2, 45]
3:[35, 27, 2, 3, 73]
4:[44, 3, 5, 16]
5:[50, 33, 3, 85]
6:[16, 5, 7, 60]
7:[72, 37, 0, 5, 43]
8:[83, 56, 12, 0, 21]
9:[86, 74, 23, 2, 25]
10:[61, 18, 2, 27, 35, 93]
11:[93, 42, 36, 2]
12:[96, 7, 33, 50]
13:[87, 27, 2, 66]
14:[81, 29, 4]
15:[14, 4, 36, 42, 62]
16:[68, 7, 33, 54]
17:[76, 0, 12, 56, 83]
18:[10, 3, 44, 92]
19:[80, 26, 2, 18, 61]
20:[77, 41, 6, 48]
21:[8, 1, 96]
22:[60, 7, 11, 75]
23:[30, 6, 3, 73]
24:[85, 3, 4, 31]
25:[54, 33, 3, 6, 22]
26:[42, 12, 6, 89]
27:[92, 44, 3, 6, 75]
28:[49, 6, 3, 73]
29:[15, 0, 3, 99]
30:[7, 3, 0, 15]
31:[68, 28, 25, 26, 80]
32:[15, 0, 3, 7, 9]
33:[38, 4, 2, 25, 52]
34:[93, 42, 91, 31, 50]
35:[89, 4, 88]
36:[19, 3, 6, 48, 78]
37:[17, 9, 7, 60]
38:[62, 42, 36, 2, 94]
39:[44, 3, 7, 57]
40:[72, 37, 0, 3, 19]
41:[61, 18, 2, 26]
42:[76, 0, 15, 22]
43:[43, 5, 7, 79]
44:[57, 11, 6, 29, 37]
45:[25, 2, 40]
46:[96, 1, 2, 36]
47:[22, 6, 12]
48:[88, 4, 2, 59]
49:[35, 30, 6, 29, 81]
50:[2, 10]
51:[42, 12, 0, 3, 99]
52:[80, 21, 0, 12, 56]
53:[32, 3, 6, 75]
54:[76, 0, 3, 33]
55:[13, 8, 1, 70]
56:[34, 6, 5, 16]
57:[7, 3, 39]
58:[14, 4, 3, 32]
59:[12, 0, 2, 66]
60:[80, 26, 25, 15, 30]
61:[54, 33, 55, 15, 87]
62:[9, 7, 3]
63:[70, 21, 0, 46, 62]
64:[52, 26, 80, 21]
65:[94, 2, 0, 5]
66:[71, 36, 42, 62]
67:[13, 8, 6, 12]
68:[19, 3, 33, 50]
69:[66, 2, 18, 61]
70:[99, 3, 0, 76]
71:[17, 8, 6, 5, 43]
72:[14, 4, 29]
73:[65, 81, 29, 44, 51]
74:[42, 12, 56, 83, 65]
75:[49, 8, 63]
76:[86, 74, 23, 0, 21]
77:[94, 2, 4]
78:[30, 15, 53]
79:[60, 7, 95]
80:[7, 3, 4, 31, 91]
81:[98, 8, 6]
82:[62, 42, 36, 2, 94]
83:[56, 41, 6, 29]
84:[17, 8, 63, 18, 47]
85:[32, 3, 0, 15, 28]
86:[34, 15, 0, 76]
87:[56, 41, 27]
88:[23, 0, 15, 53]
89:[7, 57]
90:[63, 8, 98, 55]
91:[38, 8, 6, 11]
92:[59, 2, 15, 72]
93:[26, 2, 27, 35, 93]
94:[33, 3, 0]
95:[66, 2, 15, 53]
96:[77, 41, 6, 29]
97:[25, 15, 34]
98:[71, 36, 42, 93]
99:[67, 25, 2, 18]
100:[74, 8, 6, 39]
101:[54, 33, 7, 57]
102:[87, 27, 2, 3, 39]
103:[12, 16]
104:[92, 44, 3, 6, 75]
105:[81, 65, 20, 5, 43]
106:[39, 3, 7, 95]
107:[2, 0, 37]
108:[0, 21, 80]
109:[5, 0]
110:[28, 25, 2, 18, 61]
111:[19, 3, 2, 27]
112:[55, 15, 2, 66]
113:[8, 9, 61]
114:[50, 33, 7, 9, 61]
115:[39, 3, 7, 57]
116:[73, 3, 2, 27, 35]
117:[8, 6, 3, 73]
118:[57, 7, 3, 0, 23]
119:[62, 46, 0, 15]
120:[74, 8, 63, 65, 83]
121:[1, 2, 15, 53]
122:[92, 82, 33, 7]
123:[45, 43, 5]
124:[59, 2, 3, 32]
125:[98, 8, 74, 86]
126:[64, 13, 3, 7]
127:[22, 6, 3, 7, 60]
128:[59, 2, 45, 43]
129:[61, 18, 2, 69]
130:[8, 74, 23]
131:[39, 3, 7]
132:[66, 38, 8, 98]
133:[95, 74, 23, 27, 35, 93]
134:[16, 12, 0, 15, 55]
135:[11, 6, 8]
136:[29, 4, 31]
137:[75, 6, 12]
138:[21, 0, 37, 29]
139:[54, 33, 82]
140:[55, 15, 25, 67]
141:[41, 43]
142:[65, 20, 5, 24]
143:[46, 25, 28]
144:[87, 15, 0, 5]
145:[0, 3, 99]
146:[91, 42, 48, 78]
147:[9, 7, 96]
148:[48, 6, 5, 43]
149:[57, 11, 6, 39, 90]
150:[8, 1, 2, 69]
151:[90, 39]
152:[70, 1, 2, 10]
153:[81, 65, 83, 56]
154:[64, 13, 3, 0, 47, 58]
155:[74, 8, 6, 3, 73]
156:[36, 2, 23, 74]
157:[25, 2, 10, 20, 65]
158:[10, 2, 1]
159:[95, 74, 23, 0, 76]
160:[18, 2, 15]
161:[81, 29, 4, 88]
162:[11, 6, 5, 16]
163:[46, 62, 42]
164:[75, 6, 3, 21]
165:[8, 63, 78]
166:[46, 62, 42]
167:[57, 11, 6, 30, 35]
168:[14, 8, 6, 5, 43]
169:[4, 38]
170:[45, 2, 3, 32]
171:[10, 2, 59]
172:[42, 12, 0, 3, 32]
173:[57, 7, 3, 13, 64]
174:[91, 42, 12, 0, 47]
175:[28, 15, 0, 76]
176:[17, 9, 61]
177:[7, 3, 6]
178:[67, 25, 2, 18]
179:[40, 2, 25]
180:[77, 41, 6, 29, 81]
181:[61, 9]
182:[95, 7, 3, 39]
183:[41, 6, 12]
184:[6, 3, 4, 67]
185:[32, 3, 73]
186:[64, 13, 8, 1, 96]
187:[51, 44, 3, 39]
188:[56, 41, 27, 2, 71]
189:[5, 43]
190:[76, 0, 5, 16]
191:[93, 42, 12, 6, 49]
192:[84, 5, 3, 77]
193:[35, 27, 2, 69]
194:[42, 12, 16]
195:[26, 2, 40]
196:[32, 3, 6, 34]
197:[24, 5, 18]
198:[49, 6, 3, 33, 54]
199:[10, 3, 7, 57]
200:[59, 2, 3, 6, 48]
201:[4, 14, 8]
202:[12, 0, 2, 27]
203:[84, 5, 20]
204:[12, 6, 8, 98]
205:[72, 15, 2, 71]
206:[68, 28, 25, 46, 62]
207:[33, 3, 0, 46]
208:[82, 33, 7, 79]
209:[65, 20, 10, 2, 36]
210:[49, 6, 41]
211:[54, 33, 3, 10]
212:[18, 2]
213:[34, 15, 55, 64]
214:[73, 3, 85]
215:[82, 33, 3, 21]
216:[93, 42, 36, 2, 10, 60]
217:[75, 6, 3]
218:[57, 7, 96]
219:[71, 2, 0, 46]
220:[71, 2, 23, 74, 86]
221:[55, 15, 0, 46, 62]
222:[8, 74, 23]
223:[56, 41, 6, 3, 33, 50]
224:[56, 41, 6, 29]
225:[86, 74, 95, 7, 68]
226:[36, 2, 0, 5, 84]
227:[3, 0, 23]
228:[8, 1, 2, 36]
229:[25, 2, 4, 88]
230:[49, 6, 88]
231:[95, 74, 8, 63]
232:[96, 1, 2, 27]
233:[75, 11, 7, 79]
234:[19, 3, 6, 8]
235:[16, 12]
236:[3, 0, 15, 97]
237:[3, 2, 27]
238:[94, 2, 0, 12, 56]
239:[93, 42, 36, 4, 67]
240:[53, 73, 3, 85]
241:[99, 3, 44]
242:[25, 2, 3, 99]
243:[11, 57]
244:[74, 23, 2]
245:[16, 12, 0, 2, 1]
246:[71, 2, 27, 41]
247:[75, 6, 3, 2, 40]
248:[97, 68, 7, 5, 43]
249:[25, 26, 31, 50]
250:[62, 46, 0, 5]
251:[7, 3, 0, 46, 62]
252:[77, 3, 2, 40]
253:[71, 2, 27]
254:[97, 15, 2, 4, 88]
255:[32, 3, 0, 46]
256:[74, 86, 43, 82, 92]
257:[26, 31, 91]
258:[26, 2, 10, 60]
259:[82, 43, 86]
260:[41, 27, 2, 0]
261:[94, 2, 0, 12, 56]
262:[55, 15, 53]
263:[0, 15, 53]
264:[74, 23, 0, 46]
265:[74, 8, 63, 65, 83]
266:[73, 53, 36, 42, 93]
267:[43, 5, 3, 13, 64]
268:[92, 44, 3, 19]
269:[94, 2, 4, 67]
270:[4, 3, 6]
271:[8, 1, 2, 69]
272:[36, 2, 25, 52]
273:[86, 74, 8, 6, 12]
274:[27, 2, 45]
275:[14, 4, 2, 15, 72]
276:[9, 8, 6, 22]
277:[9, 8, 49]
278:[10, 3, 5, 84]
279:[83, 65, 81, 29]
280:[67, 25, 2, 27, 35]
281:[25, 2, 0, 5, 16]
282:[83, 56, 12, 0, 15, 28]
283:[99, 3, 73, 53]
284:[95, 74, 23, 2, 25, 52]
285:[38, 8, 9, 7, 68]
286:[30, 6, 3, 44]
287:[50, 33, 3, 0, 12, 56]
288:[75, 6, 8, 14]
289:[67, 25, 46, 62]
290:[20, 10, 3]
291:[41, 27, 2, 59]
292:[26, 2, 10, 20]
293:[73, 3, 6, 11]
294:[65, 63, 8, 38]
295:[59, 2, 18, 63]
296:[68, 7, 5, 18, 63]
297:[11, 7, 79]
298:[78, 48, 6, 3, 7, 68]
299:[17, 9, 7, 57]
